Date,Open,High,Low,Close,Currency,Exchange
2016-01-03,25.69,25.83,25.57,25.83,USD,NASDAQ
2016-01-04,25.81,25.91,25.81,25.91,USD,NASDAQ
2016-01-05,25.59,25.7,25.59,25.65,USD,NASDAQ
2016-01-06,25.42,25.42,25.08,25.08,USD,NASDAQ
2016-01-10,24.71,24.71,24.71,24.71,USD,NASDAQ
2016-01-11,24.92,25.18,24.92,25.17,USD,NASDAQ
2016-01-12,25.09,25.1,24.45,24.47,USD,NASDAQ
2016-01-13,24.76,24.99,24.76,24.94,USD,NASDAQ
2016-01-14,24.22,24.22,24.21,24.21,USD,NASDAQ
2016-01-18,24.47,24.49,24.03,24.03,USD,NASDAQ
2016-01-19,23.76,24.04,23.58,24.04,USD,NASDAQ
2016-01-20,24.01,24.01,24.01,24.01,USD,NASDAQ
2016-01-21,24.59,24.59,24.42,24.44,USD,NASDAQ
2016-01-24,24.46,24.51,24.28,24.28,USD,NASDAQ
2016-01-25,24.36,24.51,24.34,24.42,USD,NASDAQ
2016-01-26,24.14,24.43,24.12,24.12,USD,NASDAQ
2016-01-27,24.08,24.18,23.96,24.18,USD,NASDAQ
2016-01-28,24.22,24.62,24.22,24.58,USD,NASDAQ
2016-01-31,24.6,24.8,24.55,24.76,USD,NASDAQ
2016-02-01,24.41,24.46,24.2,24.21,USD,NASDAQ
2016-02-02,23.89,24.0,23.85,23.85,USD,NASDAQ
2016-02-03,24.08,24.15,24.06,24.13,USD,NASDAQ
2016-02-04,24.02,24.03,23.55,23.62,USD,NASDAQ
2016-02-07,23.28,23.28,23.09,23.1,USD,NASDAQ
2016-02-08,23.36,23.57,23.31,23.56,USD,NASDAQ
2016-02-09,23.78,23.78,23.48,23.48,USD,NASDAQ
2016-02-10,23.16,23.27,22.95,23.27,USD,NASDAQ
2016-02-11,23.45,23.6,23.45,23.55,USD,NASDAQ
2016-02-15,23.87,24.02,23.8,23.93,USD,NASDAQ
2016-02-16,24.16,24.52,24.16,24.48,USD,NASDAQ
2016-02-17,24.4,24.4,24.38,24.38,USD,NASDAQ
2016-02-18,24.09,24.2,24.09,24.2,USD,NASDAQ
2016-02-21,24.62,24.62,24.59,24.59,USD,NASDAQ
2016-02-22,24.39,24.39,24.39,24.39,USD,NASDAQ
2016-02-23,24.0,24.0,24.0,24.0,USD,NASDAQ
2016-02-24,24.6,24.6,24.53,24.53,USD,NASDAQ
2016-02-25,24.86,24.86,24.78,24.81,USD,NASDAQ
2016-02-28,24.73,24.81,24.56,24.56,USD,NASDAQ
2016-02-29,24.73,25.1,24.73,25.1,USD,NASDAQ
2016-03-01,25.15,25.15,25.09,25.09,USD,NASDAQ
2016-03-02,25.09,25.16,25.09,25.16,USD,NASDAQ
2016-03-03,25.2,25.4,25.2,25.4,USD,NASDAQ
2016-03-06,25.4,25.4,25.23,25.23,USD,NASDAQ
2016-03-07,25.28,25.29,25.28,25.29,USD,NASDAQ
2016-03-08,25.2,25.27,25.2,25.27,USD,NASDAQ
2016-03-09,25.13,25.25,25.13,25.25,USD,NASDAQ
2016-03-10,25.53,25.58,25.52,25.52,USD,NASDAQ
2016-03-13,25.65,25.68,25.65,25.68,USD,NASDAQ
2016-03-14,25.56,25.6,25.56,25.6,USD,NASDAQ
2016-03-15,25.54,25.78,25.54,25.78,USD,NASDAQ
2016-03-16,25.75,25.82,25.75,25.82,USD,NASDAQ
2016-03-17,25.96,25.96,25.93,25.93,USD,NASDAQ
2016-03-20,25.99,25.99,25.99,25.99,USD,NASDAQ
2016-03-21,25.98,25.98,25.96,25.96,USD,NASDAQ
2016-03-22,25.85,25.85,25.75,25.75,USD,NASDAQ
2016-03-23,25.63,25.7,25.56,25.68,USD,NASDAQ
2016-03-27,25.69,25.76,25.69,25.72,USD,NASDAQ
2016-03-28,25.62,25.82,25.62,25.82,USD,NASDAQ
2016-03-29,26.14,26.18,26.04,26.04,USD,NASDAQ
2016-03-30,25.97,25.97,25.97,25.97,USD,NASDAQ
2016-03-31,25.91,26.21,25.91,26.2,USD,NASDAQ
2016-04-03,26.21,26.21,26.09,26.09,USD,NASDAQ
2016-04-04,25.9,25.92,25.87,25.92,USD,NASDAQ
2016-04-05,25.96,26.11,25.88,26.11,USD,NASDAQ
2016-04-06,25.86,25.94,25.77,25.79,USD,NASDAQ
2016-04-07,26.07,26.07,25.87,25.87,USD,NASDAQ
2016-04-10,26.0,26.0,25.88,25.88,USD,NASDAQ
2016-04-11,25.87,26.2,25.87,26.17,USD,NASDAQ
2016-04-12,26.39,26.4,26.31,26.36,USD,NASDAQ
2016-04-13,26.42,26.46,26.42,26.46,USD,NASDAQ
2016-04-14,26.38,26.39,26.37,26.37,USD,NASDAQ
2016-04-17,26.47,26.58,26.47,26.58,USD,NASDAQ
2016-04-18,26.72,26.72,26.59,26.69,USD,NASDAQ
2016-04-19,26.73,26.73,26.72,26.72,USD,NASDAQ
2016-04-20,26.74,26.74,26.65,26.65,USD,NASDAQ
2016-04-21,26.57,26.57,26.57,26.57,USD,NASDAQ
2016-04-24,26.49,26.61,26.49,26.61,USD,NASDAQ
2016-04-25,26.61,26.66,26.61,26.65,USD,NASDAQ
2016-04-26,26.64,26.84,26.58,26.77,USD,NASDAQ
2016-04-27,26.83,26.85,26.55,26.55,USD,NASDAQ
2016-04-28,26.48,26.48,26.12,26.26,USD,NASDAQ
2016-05-01,26.49,26.5,26.47,26.47,USD,NASDAQ
2016-05-02,26.16,26.26,26.13,26.25,USD,NASDAQ
2016-05-03,26.06,26.06,26.06,26.06,USD,NASDAQ
2016-05-04,26.11,26.11,25.98,25.98,USD,NASDAQ
2016-05-05,25.9,26.13,25.88,26.13,USD,NASDAQ
2016-05-08,26.2,26.2,26.12,26.2,USD,NASDAQ
2016-05-09,26.36,26.46,26.36,26.43,USD,NASDAQ
2016-05-10,26.31,26.31,26.21,26.23,USD,NASDAQ
2016-05-11,26.11,26.15,26.02,26.14,USD,NASDAQ
2016-05-12,26.08,26.15,26.08,26.11,USD,NASDAQ
2016-05-15,26.02,26.14,26.02,26.13,USD,NASDAQ
2016-05-16,26.08,26.13,25.81,25.89,USD,NASDAQ
2016-05-17,26.12,26.12,26.12,26.12,USD,NASDAQ
2016-05-18,25.84,25.84,25.84,25.84,USD,NASDAQ
2016-05-19,25.86,26.06,25.86,26.02,USD,NASDAQ
2016-05-22,25.99,26.02,25.94,25.94,USD,NASDAQ
2016-05-24,26.48,26.54,26.48,26.53,USD,NASDAQ
2016-05-25,26.45,26.47,26.45,26.47,USD,NASDAQ
2016-05-26,26.54,26.54,26.54,26.54,USD,NASDAQ
2016-05-30,26.51,26.53,26.51,26.53,USD,NASDAQ
2016-05-31,26.41,26.54,26.41,26.54,USD,NASDAQ
2016-06-01,26.53,26.53,26.53,26.53,USD,NASDAQ
2016-06-02,26.4,26.53,26.4,26.51,USD,NASDAQ
2016-06-05,26.52,26.52,26.52,26.52,USD,NASDAQ
2016-06-06,26.66,26.66,26.66,26.66,USD,NASDAQ
2016-06-07,26.63,26.73,26.62,26.69,USD,NASDAQ
2016-06-09,26.3,26.43,26.3,26.36,USD,NASDAQ
2016-06-12,26.23,26.23,26.23,26.23,USD,NASDAQ
2016-06-13,26.04,26.04,26.04,26.04,USD,NASDAQ
2016-06-14,26.17,26.17,26.17,26.17,USD,NASDAQ
2016-06-15,26.03,26.03,26.03,26.03,USD,NASDAQ
2016-06-16,26.11,26.11,26.11,26.11,USD,NASDAQ
2016-06-19,26.41,26.41,26.34,26.34,USD,NASDAQ
2016-06-20,26.32,26.32,26.32,26.32,USD,NASDAQ
2016-06-22,26.32,26.45,26.31,26.45,USD,NASDAQ
2016-06-23,25.81,25.89,25.67,25.69,USD,NASDAQ
2016-06-26,25.17,25.17,25.17,25.17,USD,NASDAQ
2016-06-28,25.98,25.98,25.98,25.98,USD,NASDAQ
2016-06-29,26.32,26.32,26.29,26.29,USD,NASDAQ
2016-06-30,26.38,26.38,26.35,26.35,USD,NASDAQ
2016-07-04,26.18,26.25,26.11,26.11,USD,NASDAQ
2016-07-05,26.05,26.05,26.05,26.05,USD,NASDAQ
2016-07-06,26.28,26.28,26.25,26.25,USD,NASDAQ
2016-07-07,26.6,26.6,26.6,26.6,USD,NASDAQ
2016-07-10,26.8,26.86,26.8,26.86,USD,NASDAQ
2016-07-11,26.96,27.0,26.94,26.96,USD,NASDAQ
2016-07-12,26.98,26.98,26.98,26.98,USD,NASDAQ
2016-07-13,27.08,27.08,27.08,27.08,USD,NASDAQ
2016-07-14,27.13,27.13,27.13,27.13,USD,NASDAQ
2016-07-17,27.2,27.2,27.09,27.13,USD,NASDAQ
2016-07-18,27.13,27.13,27.13,27.13,USD,NASDAQ
2016-07-19,27.18,27.25,27.18,27.25,USD,NASDAQ
2016-07-20,27.21,27.21,27.21,27.21,USD,NASDAQ
2016-07-21,27.22,27.3,27.22,27.3,USD,NASDAQ
2016-07-24,27.18,27.24,27.18,27.24,USD,NASDAQ
2016-07-25,27.09,27.09,27.09,27.09,USD,NASDAQ
2016-07-28,27.11,27.12,27.11,27.12,USD,NASDAQ
2016-07-31,27.08,27.09,27.03,27.09,USD,NASDAQ
2016-08-01,26.79,26.89,26.79,26.88,USD,NASDAQ
2016-08-02,26.84,26.84,26.84,26.84,USD,NASDAQ
2016-08-03,26.94,26.94,26.94,26.94,USD,NASDAQ
2016-08-07,27.17,27.17,27.17,27.17,USD,NASDAQ
2016-08-08,27.3,27.3,27.22,27.22,USD,NASDAQ
2016-08-09,27.17,27.17,27.17,27.17,USD,NASDAQ
2016-08-10,27.21,27.3,27.2,27.3,USD,NASDAQ
2016-08-14,27.37,27.37,27.36,27.37,USD,NASDAQ
2016-08-15,27.27,27.27,27.24,27.24,USD,NASDAQ
2016-08-16,27.03,27.2,27.03,27.2,USD,NASDAQ
2016-08-17,27.17,27.17,27.17,27.17,USD,NASDAQ
2016-08-18,27.2,27.2,27.13,27.13,USD,NASDAQ
2016-08-21,27.18,27.18,27.15,27.18,USD,NASDAQ
2016-08-22,27.32,27.32,27.21,27.21,USD,NASDAQ
2016-08-23,27.11,27.23,27.08,27.08,USD,NASDAQ
2016-08-24,27.08,27.08,27.06,27.06,USD,NASDAQ
2016-08-25,27.19,27.19,26.93,27.04,USD,NASDAQ
2016-08-28,27.15,27.17,27.15,27.16,USD,NASDAQ
2016-08-29,27.15,27.18,27.13,27.18,USD,NASDAQ
2016-08-30,27.17,27.17,27.17,27.17,USD,NASDAQ
2016-08-31,27.03,27.03,27.03,27.03,USD,NASDAQ
2016-09-01,27.31,27.31,27.31,27.31,USD,NASDAQ
2016-09-05,27.32,27.32,27.32,27.32,USD,NASDAQ
2016-09-06,27.35,27.35,27.27,27.27,USD,NASDAQ
2016-09-07,27.18,27.28,27.18,27.28,USD,NASDAQ
2016-09-08,27.02,27.02,26.73,26.73,USD,NASDAQ
2016-09-11,26.64,27.05,26.64,27.05,USD,NASDAQ
2016-09-12,26.73,26.74,26.66,26.66,USD,NASDAQ
2016-09-13,26.7,26.7,26.59,26.59,USD,NASDAQ
2016-09-14,26.58,26.7,26.58,26.7,USD,NASDAQ
2016-09-15,26.78,26.9,26.78,26.9,USD,NASDAQ
2016-09-18,27.02,27.02,26.96,26.96,USD,NASDAQ
2016-09-19,27.0,27.0,26.93,26.94,USD,NASDAQ
2016-09-21,27.3,27.31,27.26,27.26,USD,NASDAQ
2016-09-25,26.97,26.97,26.9,26.9,USD,NASDAQ
2016-09-26,26.96,26.96,26.9,26.9,USD,NASDAQ
2016-09-27,26.98,27.11,26.98,27.11,USD,NASDAQ
2016-09-28,27.12,27.12,26.96,26.96,USD,NASDAQ
2016-09-29,27.1,27.16,27.09,27.16,USD,NASDAQ
2016-10-02,27.1,27.1,27.1,27.1,USD,NASDAQ
2016-10-03,27.09,27.17,27.09,27.15,USD,NASDAQ
2016-10-04,27.13,27.16,27.1,27.1,USD,NASDAQ
2016-10-05,26.98,27.12,26.98,27.05,USD,NASDAQ
2016-10-06,26.91,27.04,26.91,27.03,USD,NASDAQ
2016-10-09,27.14,27.14,27.07,27.07,USD,NASDAQ
2016-10-10,26.91,26.91,26.64,26.72,USD,NASDAQ
2016-10-11,26.73,26.77,26.69,26.75,USD,NASDAQ
2016-10-12,26.39,26.58,26.39,26.55,USD,NASDAQ
2016-10-13,26.67,26.79,26.61,26.61,USD,NASDAQ
2016-10-16,26.57,26.57,26.5,26.5,USD,NASDAQ
2016-10-17,26.75,26.75,26.75,26.75,USD,NASDAQ
2016-10-18,26.79,26.8,26.76,26.76,USD,NASDAQ
2016-10-19,26.71,26.83,26.68,26.83,USD,NASDAQ
2016-10-20,26.9,26.92,26.89,26.92,USD,NASDAQ
2016-10-23,27.08,27.08,27.08,27.08,USD,NASDAQ
2016-10-24,27.04,27.04,27.04,27.04,USD,NASDAQ
2016-10-25,27.01,27.01,27.01,27.01,USD,NASDAQ
2016-10-26,26.97,26.99,26.86,26.86,USD,NASDAQ
2016-10-27,26.81,26.89,26.77,26.77,USD,NASDAQ
2016-10-30,26.75,26.78,26.75,26.78,USD,NASDAQ
2016-10-31,26.58,26.58,26.58,26.58,USD,NASDAQ
2016-11-01,26.36,26.4,26.36,26.4,USD,NASDAQ
2016-11-02,26.31,26.31,26.31,26.31,USD,NASDAQ
2016-11-03,26.26,26.26,26.26,26.26,USD,NASDAQ
2016-11-06,26.79,26.79,26.79,26.79,USD,NASDAQ
2016-11-08,27.05,27.05,27.05,27.05,USD,NASDAQ
2016-11-13,27.58,27.58,27.54,27.54,USD,NASDAQ
2016-11-14,27.43,27.43,27.43,27.43,USD,NASDAQ
2016-11-15,27.51,27.55,27.51,27.55,USD,NASDAQ
2016-11-16,27.5,27.65,27.5,27.63,USD,NASDAQ
2016-11-17,27.66,27.66,27.57,27.57,USD,NASDAQ
2016-11-20,27.65,27.69,27.65,27.69,USD,NASDAQ
2016-11-21,27.72,27.76,27.71,27.71,USD,NASDAQ
2016-11-22,27.76,27.79,27.76,27.79,USD,NASDAQ
2016-11-27,27.8,27.8,27.8,27.8,USD,NASDAQ
2016-11-28,27.8,27.93,27.8,27.9,USD,NASDAQ
2016-11-29,27.87,27.87,27.87,27.87,USD,NASDAQ
2016-11-30,27.86,27.86,27.71,27.71,USD,NASDAQ
2016-12-01,27.74,27.74,27.74,27.74,USD,NASDAQ
2016-12-04,27.88,27.88,27.88,27.88,USD,NASDAQ
2016-12-05,27.81,27.83,27.81,27.83,USD,NASDAQ
2016-12-06,27.95,28.29,27.95,28.29,USD,NASDAQ
2016-12-07,28.3,28.36,28.29,28.36,USD,NASDAQ
2016-12-11,28.43,28.43,28.41,28.41,USD,NASDAQ
2016-12-12,28.34,28.7,28.34,28.67,USD,NASDAQ
2016-12-13,28.68,28.68,28.68,28.68,USD,NASDAQ
2016-12-14,28.44,28.77,28.44,28.67,USD,NASDAQ
2016-12-15,28.84,28.84,28.41,28.42,USD,NASDAQ
2016-12-18,28.46,28.46,28.46,28.46,USD,NASDAQ
2016-12-19,28.59,28.66,28.59,28.62,USD,NASDAQ
2016-12-21,28.36,28.36,28.3,28.3,USD,NASDAQ
2016-12-22,28.32,28.34,28.32,28.34,USD,NASDAQ
2016-12-26,28.5,28.5,28.5,28.5,USD,NASDAQ
2016-12-27,28.36,28.36,28.18,28.2,USD,NASDAQ
2016-12-29,28.2,28.2,27.98,27.98,USD,NASDAQ
2017-01-02,28.38,28.38,28.18,28.22,USD,NASDAQ
2017-01-03,28.32,28.32,28.32,28.32,USD,NASDAQ
2017-01-04,28.47,28.51,28.47,28.49,USD,NASDAQ
2017-01-05,28.68,28.7,28.68,28.69,USD,NASDAQ
2017-01-08,28.65,28.65,28.63,28.63,USD,NASDAQ
2017-01-09,28.68,28.8,28.68,28.79,USD,NASDAQ
2017-01-10,28.72,28.72,28.6,28.6,USD,NASDAQ
2017-01-11,28.49,28.59,28.36,28.59,USD,NASDAQ
2017-01-12,28.8,28.8,28.6,28.63,USD,NASDAQ
2017-01-16,28.66,28.66,28.32,28.32,USD,NASDAQ
2017-01-17,28.41,28.47,28.41,28.46,USD,NASDAQ
2017-01-18,28.48,28.49,28.45,28.45,USD,NASDAQ
2017-01-19,28.55,28.55,28.44,28.44,USD,NASDAQ
2017-01-22,28.38,28.39,28.25,28.29,USD,NASDAQ
2017-01-23,28.44,28.59,28.44,28.53,USD,NASDAQ
2017-01-24,28.76,28.82,28.76,28.82,USD,NASDAQ
2017-01-25,28.84,28.84,28.81,28.81,USD,NASDAQ
2017-01-26,28.87,28.92,28.87,28.9,USD,NASDAQ
2017-01-29,28.6,28.66,28.6,28.66,USD,NASDAQ
2017-01-30,28.65,28.67,28.65,28.67,USD,NASDAQ
2017-01-31,28.76,28.76,28.7,28.74,USD,NASDAQ
2017-02-01,28.62,28.62,28.53,28.55,USD,NASDAQ
2017-02-05,28.88,28.9,28.88,28.88,USD,NASDAQ
2017-02-06,28.93,28.93,28.87,28.87,USD,NASDAQ
2017-02-07,28.76,28.83,28.76,28.82,USD,NASDAQ
2017-02-08,28.98,28.98,28.97,28.97,USD,NASDAQ
2017-02-09,29.0,29.0,29.0,29.0,USD,NASDAQ
2017-02-12,29.22,29.23,29.17,29.17,USD,NASDAQ
2017-02-13,29.24,29.37,29.24,29.37,USD,NASDAQ
2017-02-14,29.58,29.59,29.58,29.59,USD,NASDAQ
2017-02-15,29.52,29.56,29.5,29.54,USD,NASDAQ
2017-02-16,29.41,29.57,29.4,29.57,USD,NASDAQ
2017-02-20,29.73,29.75,29.72,29.72,USD,NASDAQ
2017-02-21,29.77,29.81,29.76,29.78,USD,NASDAQ
2017-02-22,29.67,29.67,29.67,29.67,USD,NASDAQ
2017-02-23,29.58,29.58,29.58,29.58,USD,NASDAQ
2017-02-26,29.73,29.73,29.73,29.73,USD,NASDAQ
2017-02-27,29.73,29.74,29.68,29.68,USD,NASDAQ
2017-02-28,30.16,30.16,30.16,30.16,USD,NASDAQ
2017-03-01,30.08,30.08,29.94,29.94,USD,NASDAQ
2017-03-02,29.93,30.0,29.93,29.99,USD,NASDAQ
2017-03-05,29.93,29.93,29.93,29.93,USD,NASDAQ
2017-03-07,29.81,29.81,29.79,29.79,USD,NASDAQ
2017-03-08,29.75,29.75,29.71,29.71,USD,NASDAQ
2017-03-09,29.79,29.79,29.79,29.79,USD,NASDAQ
2017-03-12,29.71,29.83,29.71,29.83,USD,NASDAQ
2017-03-13,29.65,29.79,29.65,29.75,USD,NASDAQ
2017-03-14,29.82,29.97,29.82,29.97,USD,NASDAQ
2017-03-15,29.93,29.93,29.84,29.85,USD,NASDAQ
2017-03-16,29.74,29.78,29.74,29.78,USD,NASDAQ
2017-03-19,29.69,29.74,29.62,29.62,USD,NASDAQ
2017-03-20,29.2,29.21,29.09,29.09,USD,NASDAQ
2017-03-21,28.97,29.16,28.97,29.16,USD,NASDAQ
2017-03-23,29.12,29.12,29.07,29.07,USD,NASDAQ
2017-03-26,28.69,28.89,28.69,28.89,USD,NASDAQ
2017-03-27,29.19,29.19,29.19,29.19,USD,NASDAQ
2017-03-29,29.25,29.25,29.22,29.25,USD,NASDAQ
2017-03-30,29.24,29.24,29.24,29.24,USD,NASDAQ
2017-04-02,28.99,28.99,28.99,28.99,USD,NASDAQ
2017-04-03,29.09,29.09,29.09,29.09,USD,NASDAQ
2017-04-04,28.88,28.88,28.88,28.88,USD,NASDAQ
2017-04-06,28.87,28.9,28.87,28.9,USD,NASDAQ
2017-04-09,28.85,28.93,28.85,28.93,USD,NASDAQ
2017-04-10,28.81,28.82,28.81,28.81,USD,NASDAQ
2017-04-11,28.72,28.74,28.7,28.7,USD,NASDAQ
2017-04-12,28.73,28.73,28.6,28.61,USD,NASDAQ
2017-04-16,28.6,28.7,28.6,28.7,USD,NASDAQ
2017-04-17,28.61,28.69,28.61,28.69,USD,NASDAQ
2017-04-18,28.7,28.7,28.64,28.64,USD,NASDAQ
2017-04-19,28.74,28.91,28.74,28.91,USD,NASDAQ
2017-04-20,28.84,28.84,28.84,28.84,USD,NASDAQ
2017-04-23,29.26,29.26,29.12,29.12,USD,NASDAQ
2017-04-24,29.42,29.42,29.42,29.42,USD,NASDAQ
2017-04-25,29.52,29.52,29.52,29.52,USD,NASDAQ
2017-04-26,29.45,29.47,29.45,29.47,USD,NASDAQ
2017-04-27,29.44,29.44,29.44,29.44,USD,NASDAQ
2017-04-30,29.57,29.57,29.5,29.5,USD,NASDAQ
2017-05-01,29.37,29.39,29.37,29.39,USD,NASDAQ
2017-05-02,29.27,29.3,29.27,29.29,USD,NASDAQ
2017-05-03,29.4,29.4,29.4,29.4,USD,NASDAQ
2017-05-04,29.34,29.42,29.34,29.42,USD,NASDAQ
2017-05-07,29.4,29.4,29.4,29.4,USD,NASDAQ
2017-05-09,29.29,29.29,29.29,29.29,USD,NASDAQ
2017-05-10,29.26,29.26,29.26,29.26,USD,NASDAQ
2017-05-11,29.27,29.28,29.27,29.27,USD,NASDAQ
2017-05-14,29.34,29.38,29.34,29.38,USD,NASDAQ
2017-05-15,29.31,29.31,29.31,29.31,USD,NASDAQ
2017-05-16,28.94,28.95,28.94,28.95,USD,NASDAQ
2017-05-17,28.8,28.93,28.74,28.93,USD,NASDAQ
2017-05-21,29.16,29.2,29.16,29.2,USD,NASDAQ
2017-05-22,29.34,29.34,29.34,29.34,USD,NASDAQ
2017-05-23,29.38,29.38,29.32,29.32,USD,NASDAQ
2017-05-24,29.58,29.64,29.55,29.55,USD,NASDAQ
2017-05-25,29.58,29.58,29.58,29.58,USD,NASDAQ
2017-05-29,29.57,29.6,29.56,29.56,USD,NASDAQ
2017-05-30,29.56,29.56,29.44,29.45,USD,NASDAQ
2017-05-31,29.72,29.76,29.72,29.74,USD,NASDAQ
2017-06-04,29.93,29.93,29.88,29.88,USD,NASDAQ
2017-06-05,29.82,29.82,29.82,29.82,USD,NASDAQ
2017-06-06,29.79,29.79,29.79,29.79,USD,NASDAQ
2017-06-07,30.0,30.0,29.8,29.87,USD,NASDAQ
2017-06-08,29.78,29.78,29.78,29.78,USD,NASDAQ
2017-06-11,29.65,29.78,29.65,29.78,USD,NASDAQ
2017-06-12,29.92,29.96,29.88,29.9,USD,NASDAQ
2017-06-13,29.91,29.95,29.82,29.95,USD,NASDAQ
2017-06-14,29.83,29.9,29.83,29.9,USD,NASDAQ
2017-06-18,30.04,30.16,30.04,30.16,USD,NASDAQ
2017-06-22,29.98,29.98,29.98,29.98,USD,NASDAQ
2017-06-26,29.92,29.92,29.92,29.92,USD,NASDAQ
2017-06-27,30.03,30.09,29.88,30.09,USD,NASDAQ
2017-06-28,29.96,29.96,29.96,29.96,USD,NASDAQ
2017-06-29,29.87,29.88,29.87,29.87,USD,NASDAQ
2017-07-02,29.96,29.96,29.94,29.94,USD,NASDAQ
2017-07-04,29.96,30.0,29.93,29.93,USD,NASDAQ
2017-07-05,29.81,29.87,29.68,29.68,USD,NASDAQ
2017-07-06,29.79,29.93,29.79,29.93,USD,NASDAQ
2017-07-09,29.95,30.02,29.95,30.02,USD,NASDAQ
2017-07-10,30.05,30.05,29.85,30.05,USD,NASDAQ
2017-07-11,30.12,30.31,30.12,30.29,USD,NASDAQ
2017-07-13,30.42,30.42,30.42,30.42,USD,NASDAQ
2017-07-16,30.47,30.47,30.47,30.47,USD,NASDAQ
2017-07-17,30.43,30.52,30.43,30.52,USD,NASDAQ
2017-07-18,30.62,30.65,30.62,30.65,USD,NASDAQ
2017-07-19,30.76,30.76,30.69,30.73,USD,NASDAQ
2017-07-20,30.75,30.75,30.74,30.74,USD,NASDAQ
2017-07-23,30.7,30.84,30.7,30.84,USD,NASDAQ
2017-07-24,30.91,30.91,30.88,30.88,USD,NASDAQ
2017-07-25,30.94,30.94,30.94,30.94,USD,NASDAQ
2017-07-27,30.9,31.03,30.84,30.99,USD,NASDAQ
2017-07-30,31.03,31.03,30.99,31.01,USD,NASDAQ
2017-07-31,31.04,31.04,31.02,31.02,USD,NASDAQ
2017-08-01,30.96,30.98,30.84,30.98,USD,NASDAQ
2017-08-02,31.07,31.08,31.07,31.08,USD,NASDAQ
2017-08-03,31.03,31.1,31.02,31.02,USD,NASDAQ
2017-08-06,31.16,31.16,31.14,31.14,USD,NASDAQ
2017-08-07,31.11,31.3,31.11,31.12,USD,NASDAQ
2017-08-08,31.02,31.1,31.02,31.06,USD,NASDAQ
2017-08-09,30.9,30.93,30.61,30.61,USD,NASDAQ
2017-08-10,30.6,30.62,30.55,30.58,USD,NASDAQ
2017-08-13,30.97,31.01,30.95,31.01,USD,NASDAQ
2017-08-14,30.96,31.01,30.96,31.01,USD,NASDAQ
2017-08-15,31.03,31.03,30.99,30.99,USD,NASDAQ
2017-08-16,30.82,30.82,30.48,30.48,USD,NASDAQ
2017-08-17,30.34,30.34,30.34,30.34,USD,NASDAQ
2017-08-20,30.43,30.45,30.31,30.38,USD,NASDAQ
2017-08-21,30.43,30.61,30.43,30.61,USD,NASDAQ
2017-08-22,30.68,30.74,30.68,30.73,USD,NASDAQ
2017-08-23,30.71,30.71,30.71,30.71,USD,NASDAQ
2017-08-24,30.8,30.8,30.7,30.7,USD,NASDAQ
2017-08-27,30.68,30.72,30.67,30.72,USD,NASDAQ
2017-08-28,30.77,30.85,30.77,30.85,USD,NASDAQ
2017-08-29,30.96,31.11,30.96,31.07,USD,NASDAQ
2017-09-04,31.43,31.43,31.29,31.29,USD,NASDAQ
2017-09-05,31.27,31.33,31.27,31.33,USD,NASDAQ
2017-09-06,31.32,31.32,31.3,31.3,USD,NASDAQ
2017-09-07,31.24,31.24,31.19,31.19,USD,NASDAQ
2017-09-10,31.57,31.57,31.57,31.57,USD,NASDAQ
2017-09-13,31.74,31.74,31.74,31.74,USD,NASDAQ
2017-09-17,31.91,31.91,31.85,31.88,USD,NASDAQ
2017-09-18,31.88,31.88,31.88,31.88,USD,NASDAQ
2017-09-19,31.69,31.77,31.68,31.77,USD,NASDAQ
2017-09-21,31.58,31.58,31.58,31.58,USD,NASDAQ
2017-09-24,31.52,31.64,31.43,31.43,USD,NASDAQ
2017-09-25,31.48,31.51,31.48,31.51,USD,NASDAQ
2017-09-26,31.51,31.59,31.51,31.59,USD,NASDAQ
2017-09-28,31.63,31.72,31.63,31.72,USD,NASDAQ
2017-10-01,32.01,32.01,31.93,31.93,USD,NASDAQ
2017-10-03,32.21,32.24,32.21,32.24,USD,NASDAQ
2017-10-04,32.39,32.43,32.2,32.38,USD,NASDAQ
2017-10-05,32.41,32.41,32.38,32.38,USD,NASDAQ
2017-10-08,32.47,32.47,32.47,32.47,USD,NASDAQ
2017-10-09,32.41,32.46,32.4,32.46,USD,NASDAQ
2017-10-10,32.5,32.56,32.5,32.52,USD,NASDAQ
2017-10-11,32.51,32.51,32.39,32.39,USD,NASDAQ
2017-10-12,32.39,32.43,32.39,32.43,USD,NASDAQ
2017-10-15,32.49,32.51,32.45,32.47,USD,NASDAQ
2017-10-17,32.49,32.51,32.49,32.51,USD,NASDAQ
2017-10-19,32.68,32.7,32.66,32.66,USD,NASDAQ
2017-10-22,32.78,32.81,32.73,32.81,USD,NASDAQ
2017-10-23,32.92,32.92,32.74,32.77,USD,NASDAQ
2017-10-24,32.57,32.57,32.39,32.4,USD,NASDAQ
2017-10-25,32.39,32.42,32.38,32.39,USD,NASDAQ
2017-10-26,32.42,32.42,32.37,32.37,USD,NASDAQ
2017-10-29,32.51,32.51,32.51,32.51,USD,NASDAQ
2017-10-30,32.39,32.39,32.39,32.39,USD,NASDAQ
2017-10-31,32.52,32.55,32.46,32.48,USD,NASDAQ
2017-11-01,32.51,32.51,32.35,32.38,USD,NASDAQ
2017-11-02,32.49,32.49,32.49,32.49,USD,NASDAQ
2017-11-06,32.7,32.7,32.53,32.53,USD,NASDAQ
2017-11-07,32.57,32.57,32.51,32.53,USD,NASDAQ
2017-11-08,32.51,32.51,32.5,32.5,USD,NASDAQ
2017-11-09,32.55,32.55,32.52,32.54,USD,NASDAQ
2017-11-12,32.6,32.61,32.57,32.61,USD,NASDAQ
2017-11-13,32.66,32.66,32.48,32.48,USD,NASDAQ
2017-11-14,32.38,32.41,32.38,32.41,USD,NASDAQ
2017-11-15,32.83,32.84,32.83,32.83,USD,NASDAQ
2017-11-16,32.75,32.75,32.69,32.72,USD,NASDAQ
2017-11-19,32.82,32.82,32.61,32.74,USD,NASDAQ
2017-11-20,33.03,33.03,32.77,32.89,USD,NASDAQ
2017-11-23,32.9,32.9,32.85,32.85,USD,NASDAQ
2017-11-26,32.84,32.84,32.77,32.77,USD,NASDAQ
2017-11-27,32.99,33.16,32.91,33.15,USD,NASDAQ
2017-11-28,33.18,33.18,33.03,33.03,USD,NASDAQ
2017-11-29,33.1,33.36,33.1,33.34,USD,NASDAQ
2017-11-30,32.99,33.19,32.96,33.19,USD,NASDAQ
2017-12-03,33.2,33.34,33.16,33.17,USD,NASDAQ
2017-12-04,33.11,33.11,33.11,33.11,USD,NASDAQ
2017-12-05,32.99,32.99,32.98,32.98,USD,NASDAQ
2017-12-06,33.01,33.02,33.01,33.02,USD,NASDAQ
2017-12-07,33.19,33.24,33.14,33.2,USD,NASDAQ
2017-12-10,33.3,33.37,33.3,33.37,USD,NASDAQ
2017-12-11,33.5,33.5,33.5,33.5,USD,NASDAQ
2017-12-12,33.53,33.54,33.47,33.47,USD,NASDAQ
2017-12-13,33.49,33.49,33.45,33.45,USD,NASDAQ
2017-12-17,33.83,33.88,33.8,33.83,USD,NASDAQ
2017-12-18,33.87,33.87,33.75,33.75,USD,NASDAQ
2017-12-19,34.03,34.03,33.73,33.77,USD,NASDAQ
2017-12-21,33.66,33.66,33.66,33.66,USD,NASDAQ
2017-12-26,33.63,33.63,33.56,33.56,USD,NASDAQ
2017-12-27,33.64,33.67,33.6,33.67,USD,NASDAQ
2017-12-28,33.6,33.6,33.49,33.5,USD,NASDAQ
2018-01-01,33.75,33.82,33.75,33.82,USD,NASDAQ
2018-01-02,33.99,34.1,33.99,34.05,USD,NASDAQ
2018-01-03,34.27,34.27,34.22,34.23,USD,NASDAQ
2018-01-04,34.42,34.46,34.42,34.46,USD,NASDAQ
2018-01-07,34.49,34.63,34.49,34.63,USD,NASDAQ
2018-01-08,34.8,34.8,34.8,34.8,USD,NASDAQ
2018-01-09,34.71,34.77,34.71,34.77,USD,NASDAQ
2018-01-11,35.33,35.33,35.33,35.33,USD,NASDAQ
2018-01-15,35.64,35.64,35.28,35.3,USD,NASDAQ
2018-01-16,35.5,35.72,35.5,35.71,USD,NASDAQ
2018-01-17,35.65,35.67,35.63,35.67,USD,NASDAQ
2018-01-18,35.68,35.74,35.68,35.74,USD,NASDAQ
2018-01-21,35.93,36.08,35.93,36.08,USD,NASDAQ
2018-01-22,36.23,36.23,36.17,36.18,USD,NASDAQ
2018-01-23,36.27,36.27,36.27,36.27,USD,NASDAQ
2018-01-24,36.16,36.16,36.16,36.16,USD,NASDAQ
2018-01-25,36.51,36.69,36.42,36.69,USD,NASDAQ
2018-01-28,36.82,36.82,36.81,36.81,USD,NASDAQ
2018-01-29,36.27,36.27,36.27,36.27,USD,NASDAQ
2018-01-30,36.38,36.38,36.21,36.23,USD,NASDAQ
2018-01-31,35.98,36.17,35.9,35.9,USD,NASDAQ
2018-02-01,35.71,35.72,35.27,35.28,USD,NASDAQ
2018-02-04,34.94,34.94,33.98,33.98,USD,NASDAQ
2018-02-05,34.06,34.42,33.63,34.42,USD,NASDAQ
2018-02-06,34.67,34.79,34.65,34.79,USD,NASDAQ
2018-02-07,34.18,34.21,33.4,33.4,USD,NASDAQ
2018-02-08,32.53,33.63,32.53,33.63,USD,NASDAQ
2018-02-11,33.95,34.18,33.86,33.86,USD,NASDAQ
2018-02-12,34.08,34.08,34.0,34.0,USD,NASDAQ
2018-02-13,34.2,34.49,34.17,34.49,USD,NASDAQ
2018-02-14,34.59,34.73,34.57,34.73,USD,NASDAQ
2018-02-15,34.91,35.06,34.82,34.82,USD,NASDAQ
2018-02-19,34.84,34.84,34.73,34.73,USD,NASDAQ
2018-02-20,34.74,34.74,34.74,34.74,USD,NASDAQ
2018-02-21,34.39,34.39,34.39,34.39,USD,NASDAQ
2018-02-22,34.56,34.95,34.56,34.94,USD,NASDAQ
2018-02-25,35.06,35.36,35.06,35.36,USD,NASDAQ
2018-02-26,35.49,35.49,35.26,35.28,USD,NASDAQ
2018-02-27,34.88,34.88,34.81,34.85,USD,NASDAQ
2018-02-28,33.77,33.97,33.77,33.97,USD,NASDAQ
2018-03-01,33.51,34.03,33.51,34.03,USD,NASDAQ
2018-03-04,34.29,34.29,34.29,34.29,USD,NASDAQ
2018-03-05,34.7,34.7,34.7,34.7,USD,NASDAQ
2018-03-06,34.32,34.47,34.32,34.47,USD,NASDAQ
2018-03-07,34.46,34.46,34.46,34.46,USD,NASDAQ
2018-03-08,34.87,34.87,34.82,34.83,USD,NASDAQ
2018-03-11,35.1,35.14,35.02,35.02,USD,NASDAQ
2018-03-12,35.04,35.05,35.04,35.05,USD,NASDAQ
2018-03-13,34.6,34.6,34.6,34.6,USD,NASDAQ
2018-03-14,34.63,34.78,34.61,34.61,USD,NASDAQ
2018-03-15,34.79,34.83,34.79,34.83,USD,NASDAQ
2018-03-18,34.39,34.44,33.93,33.93,USD,NASDAQ
2018-03-19,34.35,34.35,34.28,34.28,USD,NASDAQ
2018-03-20,34.44,34.59,34.44,34.59,USD,NASDAQ
2018-03-21,33.87,33.9,33.61,33.61,USD,NASDAQ
2018-03-22,33.41,33.41,32.73,32.73,USD,NASDAQ
2018-03-25,33.11,33.24,33.11,33.24,USD,NASDAQ
2018-03-26,33.64,33.64,33.52,33.52,USD,NASDAQ
2018-03-27,33.0,33.0,32.68,32.68,USD,NASDAQ
2018-03-28,33.01,33.27,33.01,33.27,USD,NASDAQ
2018-04-01,32.8,32.8,32.12,32.48,USD,NASDAQ
2018-04-02,32.56,32.56,32.56,32.56,USD,NASDAQ
2018-04-04,33.37,33.68,33.37,33.48,USD,NASDAQ
2018-04-05,33.11,33.11,32.77,32.77,USD,NASDAQ
2018-04-08,33.32,33.32,33.17,33.17,USD,NASDAQ
2018-04-09,33.47,33.58,33.47,33.58,USD,NASDAQ
2018-04-10,33.46,33.68,33.42,33.43,USD,NASDAQ
2018-04-11,33.53,33.53,33.53,33.53,USD,NASDAQ
2018-04-12,33.69,33.69,33.58,33.58,USD,NASDAQ
2018-04-15,33.92,34.06,33.92,34.06,USD,NASDAQ
2018-04-16,34.3,34.44,34.3,34.38,USD,NASDAQ
2018-04-17,34.56,34.56,34.56,34.56,USD,NASDAQ
2018-04-18,34.19,34.23,34.19,34.22,USD,NASDAQ
2018-04-19,33.81,33.81,33.79,33.79,USD,NASDAQ
2018-04-22,33.98,33.98,33.71,33.71,USD,NASDAQ
2018-04-23,33.78,33.78,33.14,33.14,USD,NASDAQ
2018-04-24,33.16,33.16,33.16,33.16,USD,NASDAQ
2018-04-26,33.51,33.51,33.51,33.51,USD,NASDAQ
2018-04-29,33.29,33.33,33.29,33.33,USD,NASDAQ
2018-05-01,33.06,33.06,33.06,33.06,USD,NASDAQ
2018-05-02,32.75,32.78,32.51,32.51,USD,NASDAQ
2018-05-06,33.71,33.71,33.71,33.71,USD,NASDAQ
2018-05-07,33.61,33.63,33.55,33.59,USD,NASDAQ
2018-05-08,33.96,34.02,33.96,33.99,USD,NASDAQ
2018-05-09,34.36,34.38,34.35,34.38,USD,NASDAQ
2018-05-13,34.68,34.68,34.68,34.68,USD,NASDAQ
2018-05-14,34.33,34.33,34.18,34.18,USD,NASDAQ
2018-05-15,34.57,34.57,34.57,34.57,USD,NASDAQ
2018-05-16,34.49,34.49,34.45,34.45,USD,NASDAQ
2018-05-17,34.31,34.35,34.31,34.35,USD,NASDAQ
2018-05-20,34.49,34.49,34.49,34.49,USD,NASDAQ
2018-05-21,34.8,34.8,34.72,34.72,USD,NASDAQ
2018-05-22,34.45,34.7,34.45,34.7,USD,NASDAQ
2018-05-23,34.57,34.57,34.57,34.57,USD,NASDAQ
2018-05-28,34.6,34.6,34.26,34.43,USD,NASDAQ
2018-05-29,34.87,34.87,34.86,34.87,USD,NASDAQ
2018-05-31,34.8,34.8,34.8,34.8,USD,NASDAQ
2018-06-03,34.92,34.97,34.92,34.94,USD,NASDAQ
2018-06-04,35.06,35.06,34.94,34.94,USD,NASDAQ
2018-06-05,35.07,35.29,35.06,35.29,USD,NASDAQ
2018-06-06,35.35,35.4,35.25,35.32,USD,NASDAQ
2018-06-07,35.36,35.44,35.32,35.43,USD,NASDAQ
2018-06-10,35.58,35.65,35.58,35.63,USD,NASDAQ
2018-06-11,35.62,35.62,35.62,35.62,USD,NASDAQ
2018-06-12,35.72,35.72,35.61,35.68,USD,NASDAQ
2018-06-13,35.77,35.78,35.77,35.77,USD,NASDAQ
2018-06-17,35.49,35.49,35.49,35.49,USD,NASDAQ
2018-06-18,35.36,35.36,35.36,35.36,USD,NASDAQ
2018-06-19,35.61,35.73,35.61,35.73,USD,NASDAQ
2018-06-20,35.43,35.43,35.43,35.43,USD,NASDAQ
2018-06-21,35.4,35.4,35.4,35.4,USD,NASDAQ
2018-06-25,34.77,34.77,34.77,34.77,USD,NASDAQ
2018-06-26,34.97,34.97,34.97,34.97,USD,NASDAQ
2018-06-27,34.31,34.31,34.31,34.31,USD,NASDAQ
2018-06-28,34.9,34.9,34.9,34.9,USD,NASDAQ
2018-07-01,34.55,34.64,34.55,34.64,USD,NASDAQ
2018-07-02,35.1,35.1,35.1,35.1,USD,NASDAQ
2018-07-04,34.96,34.96,34.71,34.71,USD,NASDAQ
2018-07-08,35.51,35.51,35.51,35.51,USD,NASDAQ
2018-07-09,35.73,35.73,35.73,35.73,USD,NASDAQ
2018-07-10,35.48,35.51,35.48,35.51,USD,NASDAQ
2018-07-11,35.61,35.63,35.56,35.56,USD,NASDAQ
2018-07-12,35.7,35.7,35.7,35.7,USD,NASDAQ
2018-07-15,35.59,35.59,35.59,35.59,USD,NASDAQ
2018-07-16,35.22,35.22,35.22,35.22,USD,NASDAQ
2018-07-17,35.69,35.69,35.66,35.66,USD,NASDAQ
2018-07-19,35.45,35.45,35.45,35.45,USD,NASDAQ
2018-07-22,35.37,35.37,35.37,35.37,USD,NASDAQ
2018-07-23,35.7,35.7,35.45,35.45,USD,NASDAQ
2018-07-24,35.52,35.52,35.5,35.5,USD,NASDAQ
2018-07-26,35.64,35.64,35.48,35.48,USD,NASDAQ
2018-07-31,35.41,35.42,35.41,35.42,USD,NASDAQ
2018-08-02,35.64,35.64,35.59,35.62,USD,NASDAQ
2018-08-05,35.75,35.88,35.75,35.88,USD,NASDAQ
2018-08-06,36.02,36.09,36.02,36.08,USD,NASDAQ
2018-08-07,36.14,36.14,35.99,35.99,USD,NASDAQ
2018-08-08,35.97,36.03,35.97,36.01,USD,NASDAQ
2018-08-09,35.88,35.88,35.88,35.88,USD,NASDAQ
2018-08-12,35.73,35.8,35.73,35.76,USD,NASDAQ
2018-08-14,35.41,35.43,35.41,35.43,USD,NASDAQ
2018-08-16,35.7,35.74,35.7,35.74,USD,NASDAQ
2018-08-20,36.13,36.25,36.12,36.25,USD,NASDAQ
2018-08-21,36.2,36.2,36.18,36.18,USD,NASDAQ
2018-08-22,36.08,36.19,36.08,36.11,USD,NASDAQ
2018-08-26,36.61,36.64,36.55,36.64,USD,NASDAQ
2018-08-27,36.8,36.8,36.53,36.56,USD,NASDAQ
2018-08-28,36.82,36.82,36.82,36.82,USD,NASDAQ
2018-08-29,36.77,36.77,36.76,36.76,USD,NASDAQ
2018-08-30,36.62,36.62,36.62,36.62,USD,NASDAQ
2018-09-03,36.61,36.61,36.61,36.61,USD,NASDAQ
2018-09-05,36.32,36.32,36.25,36.29,USD,NASDAQ
2018-09-06,36.51,36.51,36.32,36.32,USD,NASDAQ
2018-09-09,36.36,36.47,36.36,36.44,USD,NASDAQ
2018-09-11,36.56,36.73,36.56,36.73,USD,NASDAQ
2018-09-13,36.96,36.96,36.88,36.91,USD,NASDAQ
2018-09-16,36.73,36.73,36.72,36.72,USD,NASDAQ
2018-09-17,37.07,37.07,37.07,37.07,USD,NASDAQ
2018-09-18,36.91,36.91,36.91,36.91,USD,NASDAQ
2018-09-19,37.1,37.22,37.1,37.22,USD,NASDAQ
2018-09-20,37.3,37.3,37.3,37.3,USD,NASDAQ
2018-09-23,37.18,37.18,37.09,37.09,USD,NASDAQ
2018-09-25,37.22,37.26,37.2,37.26,USD,NASDAQ
2018-09-27,37.23,37.23,37.16,37.19,USD,NASDAQ
2018-09-30,37.19,37.47,37.19,37.31,USD,NASDAQ
2018-10-01,37.46,37.47,37.43,37.47,USD,NASDAQ
2018-10-02,37.5,37.5,37.35,37.37,USD,NASDAQ
2018-10-03,37.05,37.05,37.05,37.05,USD,NASDAQ
2018-10-04,37.24,37.24,36.98,36.98,USD,NASDAQ
2018-10-07,36.7,36.7,36.7,36.7,USD,NASDAQ
2018-10-08,36.97,36.97,36.85,36.85,USD,NASDAQ
2018-10-09,36.48,36.48,35.88,35.88,USD,NASDAQ
2018-10-10,35.23,35.53,35.13,35.13,USD,NASDAQ
2018-10-14,35.63,35.63,35.56,35.56,USD,NASDAQ
2018-10-15,35.67,36.0,35.67,36.0,USD,NASDAQ
2018-10-17,35.48,35.48,35.48,35.48,USD,NASDAQ
2018-10-18,35.59,35.59,35.52,35.52,USD,NASDAQ
2018-10-21,35.67,35.67,35.38,35.42,USD,NASDAQ
2018-10-22,34.68,34.95,34.68,34.95,USD,NASDAQ
2018-10-23,34.61,34.61,34.27,34.27,USD,NASDAQ
2018-10-24,34.54,34.86,34.49,34.74,USD,NASDAQ
2018-10-25,34.17,34.31,33.8,34.17,USD,NASDAQ
2018-10-28,34.41,34.41,34.32,34.32,USD,NASDAQ
2018-10-29,33.99,34.55,33.92,34.55,USD,NASDAQ
2018-10-30,35.04,35.04,35.04,35.04,USD,NASDAQ
2018-10-31,35.15,35.22,35.14,35.18,USD,NASDAQ
2018-11-01,34.99,34.99,34.69,34.69,USD,NASDAQ
2018-11-04,35.18,35.18,35.14,35.14,USD,NASDAQ
2018-11-06,36.02,36.19,36.02,36.19,USD,NASDAQ
2018-11-07,36.32,36.32,35.99,36.04,USD,NASDAQ
2018-11-08,35.83,35.89,35.68,35.89,USD,NASDAQ
2018-11-11,35.6,35.6,35.21,35.21,USD,NASDAQ
2018-11-12,35.23,35.23,35.04,35.04,USD,NASDAQ
2018-11-13,34.96,35.15,34.92,34.92,USD,NASDAQ
2018-11-14,34.88,35.26,34.88,35.19,USD,NASDAQ
2018-11-15,35.3,35.42,35.3,35.41,USD,NASDAQ
2018-11-18,34.88,34.9,34.61,34.78,USD,NASDAQ
2018-11-19,34.14,34.21,33.79,33.79,USD,NASDAQ
2018-11-20,33.97,34.21,33.97,34.21,USD,NASDAQ
2018-11-25,34.29,34.29,34.29,34.29,USD,NASDAQ
2018-11-26,34.41,34.57,34.34,34.57,USD,NASDAQ
2018-11-27,34.79,35.4,34.79,35.4,USD,NASDAQ
2018-11-28,35.36,35.58,35.3,35.56,USD,NASDAQ
2018-11-29,35.47,35.73,35.47,35.7,USD,NASDAQ
2018-12-02,36.17,36.17,35.95,36.05,USD,NASDAQ
2018-12-03,35.9,35.9,35.26,35.26,USD,NASDAQ
2018-12-05,34.3,34.54,34.3,34.54,USD,NASDAQ
2018-12-06,34.98,34.98,34.12,34.2,USD,NASDAQ
2018-12-09,33.77,33.94,33.74,33.91,USD,NASDAQ
2018-12-10,34.36,34.36,34.36,34.36,USD,NASDAQ
2018-12-11,34.67,34.78,34.51,34.51,USD,NASDAQ
2018-12-12,34.51,34.56,34.49,34.49,USD,NASDAQ
2018-12-13,34.16,34.18,33.77,33.77,USD,NASDAQ
2018-12-16,33.41,33.64,33.17,33.17,USD,NASDAQ
2018-12-17,33.18,33.18,32.72,32.96,USD,NASDAQ
2018-12-18,32.99,33.36,32.4,32.47,USD,NASDAQ
2018-12-19,32.21,32.23,31.46,31.75,USD,NASDAQ
2018-12-20,31.68,32.15,31.24,31.24,USD,NASDAQ
2018-12-23,30.89,31.04,30.39,30.39,USD,NASDAQ
2018-12-25,30.54,31.57,30.2,31.57,USD,NASDAQ
2018-12-26,31.33,31.78,30.73,31.78,USD,NASDAQ
2018-12-27,32.0,32.32,31.76,31.95,USD,NASDAQ
2018-12-30,32.1,32.19,31.9,32.03,USD,NASDAQ
2019-01-01,31.61,32.64,31.61,31.97,USD,NASDAQ
2019-01-02,31.56,31.83,31.38,31.39,USD,NASDAQ
2019-01-03,31.92,32.44,31.88,32.39,USD,NASDAQ
2019-01-06,32.56,32.61,32.56,32.61,USD,NASDAQ
2019-01-07,32.89,32.95,32.65,32.95,USD,NASDAQ
2019-01-08,33.19,33.19,32.94,33.12,USD,NASDAQ
2019-01-09,33.08,33.2,33.08,33.2,USD,NASDAQ
2019-01-10,32.97,33.19,32.97,33.19,USD,NASDAQ
2019-01-13,33.02,33.1,32.96,33.05,USD,NASDAQ
2019-01-14,33.3,33.32,33.24,33.32,USD,NASDAQ
2019-01-15,33.5,33.5,33.42,33.42,USD,NASDAQ
2019-01-16,33.34,33.35,33.3,33.34,USD,NASDAQ
2019-01-17,33.71,33.73,33.62,33.67,USD,NASDAQ
2019-01-21,33.47,33.47,33.26,33.26,USD,NASDAQ
2019-01-22,33.39,33.43,33.19,33.23,USD,NASDAQ
2019-01-23,33.26,33.32,33.21,33.21,USD,NASDAQ
2019-01-24,33.41,33.62,33.41,33.49,USD,NASDAQ
2019-01-27,33.08,33.24,33.08,33.22,USD,NASDAQ
2019-01-28,33.23,33.33,33.19,33.29,USD,NASDAQ
2019-01-29,33.49,33.49,33.4,33.4,USD,NASDAQ
2019-01-30,33.54,34.1,33.54,34.07,USD,NASDAQ
2019-01-31,34.28,34.28,34.1,34.1,USD,NASDAQ
2019-02-03,34.05,34.2,34.05,34.2,USD,NASDAQ
2019-02-04,34.26,34.35,34.25,34.32,USD,NASDAQ
2019-02-05,34.18,34.18,34.18,34.18,USD,NASDAQ
2019-02-06,33.87,34.08,33.86,34.08,USD,NASDAQ
2019-02-07,33.8,33.99,33.8,33.99,USD,NASDAQ
2019-02-10,34.09,34.09,34.0,34.02,USD,NASDAQ
2019-02-11,34.49,34.49,34.49,34.49,USD,NASDAQ
2019-02-12,34.55,34.6,34.48,34.6,USD,NASDAQ
2019-02-13,34.47,34.47,34.46,34.46,USD,NASDAQ
2019-02-14,34.88,34.97,34.88,34.97,USD,NASDAQ
2019-02-18,35.1,35.17,35.01,35.04,USD,NASDAQ
2019-02-19,35.16,35.16,34.96,35.06,USD,NASDAQ
2019-02-20,34.87,34.99,34.87,34.99,USD,NASDAQ
2019-02-21,34.75,34.79,34.65,34.72,USD,NASDAQ
2019-02-24,34.85,34.89,34.85,34.88,USD,NASDAQ
2019-02-25,34.69,34.8,34.69,34.8,USD,NASDAQ
2019-02-26,34.66,34.75,34.66,34.71,USD,NASDAQ
2019-02-27,34.66,34.72,34.66,34.72,USD,NASDAQ
2019-02-28,34.99,34.99,34.75,34.75,USD,NASDAQ
2019-03-03,34.68,34.68,34.68,34.68,USD,NASDAQ
2019-03-05,34.27,34.27,34.22,34.22,USD,NASDAQ
2019-03-06,33.91,33.96,33.87,33.96,USD,NASDAQ
2019-03-07,33.7,33.7,33.7,33.7,USD,NASDAQ
2019-03-11,34.23,34.31,34.23,34.23,USD,NASDAQ
2019-03-12,34.54,34.56,34.54,34.56,USD,NASDAQ
2019-03-13,34.69,34.69,34.63,34.63,USD,NASDAQ
2019-03-14,34.76,34.76,34.76,34.76,USD,NASDAQ
2019-03-17,34.81,34.81,34.81,34.81,USD,NASDAQ
2019-03-18,35.06,35.06,34.98,34.98,USD,NASDAQ
2019-03-19,34.76,34.88,34.71,34.88,USD,NASDAQ
2019-03-20,34.81,34.97,34.81,34.97,USD,NASDAQ
2019-03-21,34.59,34.59,34.44,34.44,USD,NASDAQ
2019-03-24,34.27,34.27,34.25,34.25,USD,NASDAQ
2019-03-25,34.74,34.74,34.64,34.64,USD,NASDAQ
2019-03-26,34.46,34.57,34.46,34.54,USD,NASDAQ
2019-03-27,34.45,34.55,34.45,34.55,USD,NASDAQ
2019-03-28,34.7,34.71,34.6,34.71,USD,NASDAQ
2019-03-31,35.01,35.02,35.0,35.0,USD,NASDAQ
2019-04-01,34.87,34.87,34.8,34.83,USD,NASDAQ
2019-04-02,34.92,34.96,34.72,34.72,USD,NASDAQ
2019-04-03,34.65,34.7,34.65,34.7,USD,NASDAQ
2019-04-07,35.05,35.08,35.05,35.08,USD,NASDAQ
2019-04-08,34.99,35.0,34.9,34.9,USD,NASDAQ
2019-04-09,35.03,35.08,35.03,35.08,USD,NASDAQ
2019-04-10,35.15,35.15,35.07,35.07,USD,NASDAQ
2019-04-11,35.35,35.37,35.33,35.33,USD,NASDAQ
2019-04-14,35.29,35.29,35.29,35.29,USD,NASDAQ
2019-04-15,35.43,35.43,35.38,35.38,USD,NASDAQ
2019-04-16,35.43,35.43,35.41,35.43,USD,NASDAQ
2019-04-17,35.41,35.46,35.4,35.43,USD,NASDAQ
2019-04-21,35.47,35.47,35.41,35.43,USD,NASDAQ
2019-04-22,35.53,35.59,35.53,35.59,USD,NASDAQ
2019-04-23,35.5,35.51,35.46,35.46,USD,NASDAQ
2019-04-24,35.41,35.58,35.41,35.5,USD,NASDAQ
2019-04-25,35.53,35.53,35.28,35.32,USD,NASDAQ
2019-04-28,35.6,35.61,35.53,35.56,USD,NASDAQ
2019-04-29,35.57,35.69,35.45,35.66,USD,NASDAQ
2019-04-30,35.65,35.66,35.47,35.47,USD,NASDAQ
2019-05-01,35.34,35.34,35.09,35.29,USD,NASDAQ
2019-05-02,35.63,35.7,35.63,35.7,USD,NASDAQ
2019-05-05,35.32,35.57,35.32,35.57,USD,NASDAQ
2019-05-06,34.94,35.01,34.73,34.79,USD,NASDAQ
2019-05-07,35.01,35.07,34.99,35.07,USD,NASDAQ
2019-05-08,34.61,34.92,34.54,34.92,USD,NASDAQ
2019-05-09,34.51,35.11,34.51,35.11,USD,NASDAQ
2019-05-12,34.78,34.78,34.17,34.22,USD,NASDAQ
2019-05-13,34.36,34.84,34.36,34.7,USD,NASDAQ
2019-05-14,34.44,34.84,34.44,34.79,USD,NASDAQ
2019-05-15,35.22,35.3,35.16,35.16,USD,NASDAQ
2019-05-16,35.11,35.21,35.07,35.07,USD,NASDAQ
2019-05-19,34.92,35.0,34.82,34.85,USD,NASDAQ
2019-05-20,35.06,35.16,35.01,35.16,USD,NASDAQ
2019-05-21,34.99,34.99,34.98,34.98,USD,NASDAQ
2019-05-22,34.55,34.55,34.33,34.48,USD,NASDAQ
2019-05-23,34.65,34.67,34.61,34.67,USD,NASDAQ
2019-05-27,34.65,34.65,34.54,34.54,USD,NASDAQ
2019-05-28,33.95,34.09,33.89,34.01,USD,NASDAQ
2019-05-29,34.19,34.2,34.08,34.11,USD,NASDAQ
2019-05-30,33.69,33.71,33.56,33.59,USD,NASDAQ
2019-06-02,33.55,33.63,33.44,33.44,USD,NASDAQ
2019-06-03,34.19,34.19,34.07,34.18,USD,NASDAQ
2019-06-04,34.4,34.44,34.4,34.44,USD,NASDAQ
2019-06-05,34.58,34.8,34.58,34.77,USD,NASDAQ
2019-06-06,35.17,35.21,35.14,35.2,USD,NASDAQ
2019-06-09,35.4,35.42,35.31,35.31,USD,NASDAQ
2019-06-10,35.71,35.71,35.24,35.31,USD,NASDAQ
2019-06-11,35.17,35.24,35.16,35.17,USD,NASDAQ
2019-06-12,35.31,35.35,35.24,35.28,USD,NASDAQ
2019-06-13,35.11,35.2,35.08,35.16,USD,NASDAQ
2019-06-16,35.24,35.31,35.2,35.2,USD,NASDAQ
2019-06-17,35.72,35.75,35.57,35.62,USD,NASDAQ
2019-06-18,35.67,35.73,35.67,35.73,USD,NASDAQ
2019-06-19,36.21,36.21,35.8,36.05,USD,NASDAQ
2019-06-20,36.07,36.17,35.91,35.91,USD,NASDAQ
2019-06-23,35.94,35.95,35.8,35.8,USD,NASDAQ
2019-06-24,35.69,35.72,35.55,35.57,USD,NASDAQ
2019-06-25,35.61,35.63,35.56,35.62,USD,NASDAQ
2019-06-26,35.63,35.73,35.61,35.61,USD,NASDAQ
2019-06-27,35.73,35.73,35.7,35.7,USD,NASDAQ
2019-06-30,36.23,36.23,35.93,36.09,USD,NASDAQ
2019-07-01,36.13,36.19,36.01,36.19,USD,NASDAQ
2019-07-02,36.29,36.39,36.29,36.39,USD,NASDAQ
2019-07-04,36.47,36.47,36.21,36.39,USD,NASDAQ
2019-07-07,36.38,36.38,36.22,36.22,USD,NASDAQ
2019-07-08,36.3,36.3,36.3,36.3,USD,NASDAQ
2019-07-09,36.6,36.6,36.36,36.54,USD,NASDAQ
2019-07-11,36.65,36.74,36.65,36.71,USD,NASDAQ
2019-07-14,36.73,36.73,36.73,36.73,USD,NASDAQ
2019-07-15,36.75,36.8,36.58,36.58,USD,NASDAQ
2019-07-16,36.53,36.59,36.45,36.45,USD,NASDAQ
2019-07-17,36.47,36.5,36.24,36.5,USD,NASDAQ
2019-07-18,36.69,36.69,36.42,36.42,USD,NASDAQ
2019-07-21,36.39,36.4,36.27,36.36,USD,NASDAQ
2019-07-22,36.41,36.5,36.41,36.5,USD,NASDAQ
2019-07-23,36.56,36.56,36.56,36.56,USD,NASDAQ
2019-07-24,36.71,36.71,36.71,36.71,USD,NASDAQ
2019-07-25,36.9,36.9,36.9,36.9,USD,NASDAQ
2019-07-28,36.77,36.84,36.77,36.84,USD,NASDAQ
2019-07-29,36.62,36.62,36.61,36.61,USD,NASDAQ
2019-07-30,36.45,36.45,36.16,36.16,USD,NASDAQ
2019-07-31,36.31,36.31,35.67,35.67,USD,NASDAQ
2019-08-01,35.32,35.6,35.32,35.54,USD,NASDAQ
2019-08-04,34.85,34.85,34.42,34.42,USD,NASDAQ
2019-08-05,34.61,34.92,34.61,34.92,USD,NASDAQ
2019-08-06,34.51,34.98,34.51,34.98,USD,NASDAQ
2019-08-07,35.39,35.53,35.39,35.53,USD,NASDAQ
2019-08-08,35.46,35.47,35.46,35.47,USD,NASDAQ
2019-08-11,35.05,35.05,35.05,35.05,USD,NASDAQ
2019-08-12,34.83,35.61,34.83,35.42,USD,NASDAQ
2019-08-13,34.7,34.7,34.47,34.53,USD,NASDAQ
2019-08-14,34.69,34.71,34.49,34.61,USD,NASDAQ
2019-08-15,34.92,35.09,34.92,35.09,USD,NASDAQ
2019-08-18,35.47,35.58,35.42,35.58,USD,NASDAQ
2019-08-19,35.36,35.36,35.36,35.36,USD,NASDAQ
2019-08-20,35.48,35.5,35.34,35.48,USD,NASDAQ
2019-08-21,35.4,35.49,35.33,35.49,USD,NASDAQ
2019-08-22,35.44,35.44,34.55,34.56,USD,NASDAQ
2019-08-25,34.94,34.94,34.89,34.92,USD,NASDAQ
2019-08-26,35.07,35.07,34.94,34.99,USD,NASDAQ
2019-08-27,35.14,35.14,35.14,35.14,USD,NASDAQ
2019-08-28,35.46,35.72,35.45,35.6,USD,NASDAQ
2019-08-29,35.7,35.7,35.65,35.65,USD,NASDAQ
2019-09-02,35.46,35.46,35.33,35.45,USD,NASDAQ
2019-09-03,35.8,35.83,35.8,35.83,USD,NASDAQ
2019-09-04,36.41,36.53,36.3,36.3,USD,NASDAQ
2019-09-05,36.33,36.46,36.33,36.46,USD,NASDAQ
2019-09-08,36.49,36.49,36.49,36.49,USD,NASDAQ
2019-09-09,36.34,36.38,36.31,36.32,USD,NASDAQ
2019-09-10,36.53,36.63,36.53,36.63,USD,NASDAQ
2019-09-11,36.71,36.94,36.7,36.85,USD,NASDAQ
2019-09-12,36.85,36.85,36.78,36.78,USD,NASDAQ
2019-09-15,36.7,36.7,36.7,36.7,USD,NASDAQ
2019-09-16,36.89,36.89,36.69,36.79,USD,NASDAQ
2019-09-17,36.61,36.78,36.52,36.78,USD,NASDAQ
2019-09-18,36.92,36.92,36.87,36.87,USD,NASDAQ
2019-09-19,36.85,36.85,36.64,36.67,USD,NASDAQ
2019-09-22,36.55,36.6,36.55,36.6,USD,NASDAQ
2019-09-23,36.62,36.65,36.25,36.33,USD,NASDAQ
2019-09-24,36.12,36.24,36.12,36.24,USD,NASDAQ
2019-09-25,36.06,36.15,35.98,36.15,USD,NASDAQ
2019-09-26,36.32,36.32,35.8,35.85,USD,NASDAQ
2019-09-29,36.14,36.18,36.11,36.11,USD,NASDAQ
2019-09-30,35.9,35.9,35.9,35.9,USD,NASDAQ
2019-10-01,35.13,35.13,34.99,34.99,USD,NASDAQ
2019-10-02,34.69,35.02,34.69,35.02,USD,NASDAQ
2019-10-03,35.27,35.53,35.27,35.53,USD,NASDAQ
2019-10-06,35.81,35.81,35.58,35.62,USD,NASDAQ
2019-10-07,35.17,35.35,35.17,35.22,USD,NASDAQ
2019-10-08,35.24,35.45,35.24,35.45,USD,NASDAQ
2019-10-09,35.56,35.77,35.56,35.66,USD,NASDAQ
2019-10-10,36.14,36.15,36.09,36.15,USD,NASDAQ
2019-10-13,36.05,36.05,36.05,36.05,USD,NASDAQ
2019-10-14,36.23,36.24,36.19,36.24,USD,NASDAQ
2019-10-15,36.18,36.23,36.12,36.16,USD,NASDAQ
2019-10-16,36.3,36.32,36.15,36.3,USD,NASDAQ
2019-10-17,36.24,36.24,36.13,36.2,USD,NASDAQ
2019-10-20,36.3,36.31,36.3,36.31,USD,NASDAQ
2019-10-21,36.57,36.59,36.52,36.59,USD,NASDAQ
2019-10-22,36.37,36.38,36.37,36.37,USD,NASDAQ
2019-10-23,36.38,36.41,36.36,36.41,USD,NASDAQ
2019-10-24,36.58,36.67,36.56,36.59,USD,NASDAQ
2019-10-27,36.86,36.91,36.83,36.83,USD,NASDAQ
2019-10-28,36.8,36.83,36.8,36.8,USD,NASDAQ
2019-10-29,36.88,36.92,36.81,36.92,USD,NASDAQ
2019-10-30,36.78,36.78,36.58,36.66,USD,NASDAQ
2019-10-31,36.98,37.09,36.98,37.09,USD,NASDAQ
2019-11-03,37.28,37.28,37.19,37.19,USD,NASDAQ
2019-11-04,37.19,37.22,37.17,37.22,USD,NASDAQ
2019-11-05,37.2,37.21,37.14,37.2,USD,NASDAQ
2019-11-06,37.52,37.58,37.47,37.52,USD,NASDAQ
2019-11-10,37.43,37.43,37.41,37.41,USD,NASDAQ
2019-11-11,37.49,37.49,37.37,37.37,USD,NASDAQ
2019-11-13,37.44,37.54,37.43,37.54,USD,NASDAQ
2019-11-14,37.65,37.69,37.6,37.69,USD,NASDAQ
2019-11-17,37.7,37.73,37.61,37.67,USD,NASDAQ
2019-11-18,37.69,37.69,37.62,37.62,USD,NASDAQ
2019-11-19,37.48,37.48,37.35,37.43,USD,NASDAQ
2019-11-20,37.32,37.44,37.32,37.41,USD,NASDAQ
2019-11-21,37.41,37.54,37.41,37.46,USD,NASDAQ
2019-11-24,37.54,37.59,37.54,37.59,USD,NASDAQ
2019-11-25,37.66,37.68,37.6,37.64,USD,NASDAQ
2019-11-26,37.7,37.74,37.62,37.73,USD,NASDAQ
2019-11-28,37.57,37.57,37.51,37.51,USD,NASDAQ
2019-12-01,37.47,37.47,37.31,37.31,USD,NASDAQ
2019-12-02,36.88,37.0,36.88,37.0,USD,NASDAQ
2019-12-03,37.35,37.37,37.24,37.31,USD,NASDAQ
2019-12-04,37.23,37.28,37.17,37.28,USD,NASDAQ
2019-12-05,37.74,37.74,37.65,37.71,USD,NASDAQ
2019-12-08,37.6,37.66,37.6,37.66,USD,NASDAQ
2019-12-11,38.01,38.01,37.92,38.0,USD,NASDAQ
2019-12-12,37.86,37.86,37.75,37.75,USD,NASDAQ
2019-12-16,37.92,38.08,37.92,38.04,USD,NASDAQ
2019-12-17,37.95,37.97,37.94,37.97,USD,NASDAQ
2019-12-18,37.9,37.98,37.9,37.94,USD,NASDAQ
2019-12-19,38.14,38.28,38.14,38.23,USD,NASDAQ
2019-12-22,38.35,38.35,38.28,38.33,USD,NASDAQ
2019-12-23,38.22,38.26,38.22,38.26,USD,NASDAQ
2019-12-25,38.39,38.42,38.39,38.42,USD,NASDAQ
2019-12-26,38.39,38.39,38.39,38.39,USD,NASDAQ
2019-12-29,38.38,38.39,38.3,38.3,USD,NASDAQ
2019-12-30,38.3,38.38,38.24,38.38,USD,NASDAQ
2020-01-01,38.43,38.57,38.43,38.57,USD,NASDAQ
2020-01-02,38.53,38.67,38.48,38.51,USD,NASDAQ
