Date,Open,High,Low,Close,Adj Close,Volume,Sector,IPOyear
2016-01-04,12.229999542236328,12.25,12.100000381469727,12.130000114440918,9.307690620422363,44100,,2004.0
2016-01-05,12.1899995803833,12.289999961853027,12.15999984741211,12.279999732971191,9.422791481018066,55100,,2004.0
2016-01-06,12.229999542236328,12.3100004196167,12.1899995803833,12.300000190734863,9.438136100769043,52500,,2004.0
2016-01-07,12.199999809265137,12.279999732971191,12.119999885559082,12.119999885559082,9.300015449523926,72800,,2004.0
2016-01-08,12.119999885559082,12.170000076293945,12.100000381469727,12.109999656677246,9.292343139648438,44800,,2004.0
2016-01-11,12.079999923706055,12.119999885559082,12.050000190734863,12.050000190734863,9.24630355834961,60300,,2004.0
2016-01-12,12.119999885559082,12.130000114440918,12.010000228881836,12.039999961853027,9.238632202148438,54000,,2004.0
2016-01-13,12.079999923706055,12.079999923706055,11.9399995803833,11.960000038146973,9.17724609375,106900,,2004.0
2016-01-14,11.989999771118164,12.0600004196167,11.850000381469727,11.890000343322754,9.12353229522705,119400,,2004.0
2016-01-15,11.829999923706055,11.84000015258789,11.710000038146973,11.800000190734863,9.054473876953125,83900,,2004.0
2016-01-19,11.899999618530273,11.899999618530273,11.729999542236328,11.819999694824219,9.069818496704102,156700,,2004.0
2016-01-20,11.720000267028809,11.770000457763672,11.529999732971191,11.720000267028809,8.993086814880371,159300,,2004.0
2016-01-21,11.779999732971191,11.960000038146973,11.680000305175781,11.880000114440918,9.115859031677246,103200,,2004.0
2016-01-22,11.90999984741211,12.020000457763672,11.90999984741211,12.010000228881836,9.215614318847656,48900,,2004.0
2016-01-25,11.9399995803833,12.069999694824219,11.9399995803833,11.989999771118164,9.200264930725098,57800,,2004.0
2016-01-26,12.029999732971191,12.079999923706055,11.9399995803833,12.0600004196167,9.253975868225098,63500,,2004.0
2016-01-27,12.069999694824219,12.069999694824219,12.0,12.010000228881836,9.215614318847656,51000,,2004.0
2016-01-28,12.050000190734863,12.09000015258789,11.989999771118164,11.989999771118164,9.200264930725098,80200,,2004.0
2016-01-29,12.050000190734863,12.100000381469727,11.989999771118164,12.0,9.207940101623535,45500,,2004.0
2016-02-01,11.989999771118164,12.039999961853027,11.90999984741211,12.039999961853027,9.292840003967285,48500,,2004.0
2016-02-02,11.989999771118164,12.010000228881836,11.859999656677246,11.970000267028809,9.238810539245605,96500,,2004.0
2016-02-03,11.970000267028809,12.210000038146973,11.90999984741211,12.210000038146973,9.424049377441406,159900,,2004.0
2016-02-04,12.239999771118164,12.25,12.029999732971191,12.1899995803833,9.408609390258789,112700,,2004.0
2016-02-05,12.170000076293945,12.170000076293945,12.020000457763672,12.119999885559082,9.354583740234375,98700,,2004.0
2016-02-08,12.020000457763672,12.050000190734863,11.84000015258789,11.899999618530273,9.184782028198242,89800,,2004.0
2016-02-09,11.760000228881836,11.970000267028809,11.760000228881836,11.869999885559082,9.161625862121582,69100,,2004.0
2016-02-10,11.90999984741211,11.930000305175781,11.75,11.779999732971191,9.092166900634766,50800,,2004.0
2016-02-11,11.739999771118164,11.760000228881836,11.630000114440918,11.760000228881836,9.076727867126465,64900,,2004.0
2016-02-12,11.720000267028809,11.869999885559082,11.65999984741211,11.869999885559082,9.161625862121582,70000,,2004.0
2016-02-16,12.100000381469727,12.109999656677246,11.880000114440918,12.100000381469727,9.33914852142334,142800,,2004.0
2016-02-17,12.079999923706055,12.149999618530273,12.050000190734863,12.149999618530273,9.377738952636719,42400,,2004.0
2016-02-18,12.149999618530273,12.180000305175781,12.0600004196167,12.170000076293945,9.393177032470703,102700,,2004.0
2016-02-19,12.149999618530273,12.260000228881836,12.09000015258789,12.100000381469727,9.33914852142334,117300,,2004.0
2016-02-22,12.170000076293945,12.199999809265137,12.100000381469727,12.100000381469727,9.33914852142334,46700,,2004.0
2016-02-23,12.119999885559082,12.130000114440918,12.029999732971191,12.039999961853027,9.292840003967285,41700,,2004.0
2016-02-24,12.050000190734863,12.079999923706055,12.010000228881836,12.069999694824219,9.315996170043945,53200,,2004.0
2016-02-25,12.100000381469727,12.100000381469727,12.020000457763672,12.050000190734863,9.300555229187012,59300,,2004.0
2016-02-26,11.979999542236328,12.050000190734863,11.9399995803833,11.979999542236328,9.246528625488281,93200,,2004.0
2016-02-29,11.970000267028809,12.109999656677246,11.970000267028809,12.010000228881836,9.269684791564941,74700,,2004.0
2016-03-01,12.0,12.100000381469727,11.970000267028809,12.069999694824219,9.370612144470215,29500,,2004.0
2016-03-02,12.079999923706055,12.140000343322754,12.0600004196167,12.140000343322754,9.424957275390625,30000,,2004.0
2016-03-03,12.140000343322754,12.210000038146973,12.119999885559082,12.149999618530273,9.432718276977539,104000,,2004.0
2016-03-04,12.130000114440918,12.279999732971191,12.130000114440918,12.270000457763672,9.525880813598633,35200,,2004.0
2016-03-07,12.25,12.369999885559082,12.25,12.350000381469727,9.587989807128906,82200,,2004.0
2016-03-08,12.359999656677246,12.390000343322754,12.279999732971191,12.359999656677246,9.595752716064453,39800,,2004.0
2016-03-09,12.470000267028809,12.510000228881836,12.289999961853027,12.34000015258789,9.58022689819336,126200,,2004.0
2016-03-10,12.34000015258789,12.420000076293945,12.300000190734863,12.3100004196167,9.556938171386719,45300,,2004.0
2016-03-11,12.359999656677246,12.479999542236328,12.359999656677246,12.449999809265137,9.665629386901855,71900,,2004.0
2016-03-14,12.479999542236328,12.579999923706055,12.460000038146973,12.5600004196167,9.75102424621582,42600,,2004.0
2016-03-15,12.59000015258789,12.670000076293945,12.539999961853027,12.670000076293945,9.83642292022705,75600,,2004.0
2016-03-16,12.65999984741211,12.899999618530273,12.649999618530273,12.899999618530273,10.014985084533691,92600,,2004.0
2016-03-17,12.930000305175781,12.930000305175781,12.84000015258789,12.84000015258789,9.968404769897461,30600,,2004.0
2016-03-18,12.880000114440918,12.960000038146973,12.84000015258789,12.869999885559082,9.991692543029785,60900,,2004.0
2016-03-21,12.899999618530273,12.9399995803833,12.800000190734863,12.859999656677246,9.98393440246582,33700,,2004.0
2016-03-22,12.880000114440918,12.930000305175781,12.75,12.75,9.89853286743164,39200,,2004.0
2016-03-23,12.739999771118164,12.850000381469727,12.699999809265137,12.729999542236328,9.883004188537598,60500,,2004.0
2016-03-24,12.739999771118164,12.75,12.640000343322754,12.720000267028809,9.875245094299316,54200,,2004.0
2016-03-28,12.75,12.75,12.649999618530273,12.710000038146973,9.867477416992188,62500,,2004.0
2016-03-29,12.670000076293945,12.829999923706055,12.65999984741211,12.800000190734863,9.93735122680664,53700,,2004.0
2016-03-30,12.859999656677246,12.890000343322754,12.779999732971191,12.890000343322754,10.007222175598145,43600,,2004.0
2016-03-31,12.880000114440918,12.880000114440918,12.819999694824219,12.869999885559082,9.991692543029785,102300,,2004.0
2016-04-01,12.800000190734863,12.819999694824219,12.739999771118164,12.760000228881836,9.960471153259277,43200,,2004.0
2016-04-04,12.800000190734863,12.800000190734863,12.569999694824219,12.569999694824219,9.812155723571777,44700,,2004.0
2016-04-05,12.510000228881836,12.5600004196167,12.470000267028809,12.5,9.757515907287598,87600,,2004.0
2016-04-06,12.550000190734863,12.579999923706055,12.510000228881836,12.5600004196167,9.804349899291992,49800,,2004.0
2016-04-07,12.600000381469727,12.640000343322754,12.550000190734863,12.600000381469727,9.835573196411133,45400,,2004.0
2016-04-08,12.640000343322754,12.640000343322754,12.550000190734863,12.550000190734863,9.79654598236084,40200,,2004.0
2016-04-11,12.609999656677246,12.619999885559082,12.569999694824219,12.600000381469727,9.835573196411133,35500,,2004.0
2016-04-12,12.619999885559082,12.710000038146973,12.5600004196167,12.680000305175781,9.898022651672363,58700,,2004.0
2016-04-13,12.649999618530273,12.699999809265137,12.600000381469727,12.640000343322754,9.866799354553223,64100,,2004.0
2016-04-14,12.6899995803833,12.720000267028809,12.630000114440918,12.699999809265137,9.913633346557617,50000,,2004.0
2016-04-15,12.680000305175781,12.720000267028809,12.649999618530273,12.6899995803833,9.905829429626465,56200,,2004.0
2016-04-18,12.670000076293945,12.819999694824219,12.670000076293945,12.819999694824219,10.007306098937988,71700,,2004.0
2016-04-19,12.850000381469727,12.850000381469727,12.779999732971191,12.850000381469727,10.03072738647461,61600,,2004.0
2016-04-20,12.829999923706055,12.84000015258789,12.75,12.800000190734863,9.991694450378418,46000,,2004.0
2016-04-21,12.770000457763672,12.880000114440918,12.770000457763672,12.84000015258789,10.022916793823242,49200,,2004.0
2016-04-22,12.850000381469727,12.880000114440918,12.8100004196167,12.8100004196167,9.999503135681152,26100,,2004.0
2016-04-25,12.850000381469727,12.859999656677246,12.760000228881836,12.829999923706055,10.01511287689209,41500,,2004.0
2016-04-26,12.829999923706055,12.899999618530273,12.819999694824219,12.899999618530273,10.069751739501953,53200,,2004.0
2016-04-27,12.949999809265137,12.949999809265137,12.899999618530273,12.930000305175781,10.09317398071289,69100,,2004.0
2016-04-28,12.949999809265137,12.979999542236328,12.850000381469727,12.859999656677246,10.038534164428711,51700,,2004.0
2016-04-29,12.90999984741211,12.949999809265137,12.8100004196167,12.829999923706055,10.01511287689209,54100,,2004.0
2016-05-02,12.720000267028809,12.789999961853027,12.710000038146973,12.729999542236328,9.991568565368652,50100,,2004.0
2016-05-03,12.770000457763672,12.770000457763672,12.649999618530273,12.720000267028809,9.983718872070312,62200,,2004.0
2016-05-04,12.720000267028809,12.770000457763672,12.649999618530273,12.75,10.007265090942383,71400,,2004.0
2016-05-05,12.760000228881836,12.760000228881836,12.649999618530273,12.65999984741211,9.936625480651855,55800,,2004.0
2016-05-06,12.699999809265137,12.699999809265137,12.600000381469727,12.65999984741211,9.936625480651855,51800,,2004.0
2016-05-09,12.680000305175781,12.680000305175781,12.600000381469727,12.65999984741211,9.936625480651855,64200,,2004.0
2016-05-10,12.649999618530273,12.65999984741211,12.600000381469727,12.640000343322754,9.920927047729492,61400,,2004.0
2016-05-11,12.630000114440918,12.649999618530273,12.579999923706055,12.649999618530273,9.928773880004883,86500,,2004.0
2016-05-12,12.65999984741211,12.739999771118164,12.630000114440918,12.630000114440918,9.913079261779785,56500,,2004.0
2016-05-13,12.65999984741211,12.760000228881836,12.65999984741211,12.75,10.007265090942383,79400,,2004.0
2016-05-16,12.770000457763672,12.850000381469727,12.720000267028809,12.760000228881836,10.01511287689209,92300,,2004.0
2016-05-17,12.8100004196167,12.84000015258789,12.779999732971191,12.819999694824219,10.062204360961914,65400,,2004.0
2016-05-18,12.819999694824219,12.899999618530273,12.800000190734863,12.890000343322754,10.117146492004395,81600,,2004.0
2016-05-19,12.890000343322754,12.890000343322754,12.8100004196167,12.869999885559082,10.101449012756348,45200,,2004.0
2016-05-20,12.890000343322754,13.149999618530273,12.84000015258789,13.149999618530273,10.32121753692627,63800,,2004.0
2016-05-23,13.140000343322754,13.1899995803833,13.069999694824219,13.09000015258789,10.274123191833496,53400,,2004.0
2016-05-24,13.0600004196167,13.100000381469727,13.039999961853027,13.0600004196167,10.250578880310059,69100,,2004.0
2016-05-25,13.100000381469727,13.100000381469727,13.029999732971191,13.050000190734863,10.242727279663086,62400,,2004.0
2016-05-26,13.0600004196167,13.180000305175781,13.039999961853027,13.119999885559082,10.2976713180542,72600,,2004.0
2016-05-27,13.119999885559082,13.119999885559082,13.079999923706055,13.079999923706055,10.266273498535156,20400,,2004.0
2016-05-31,13.130000114440918,13.130000114440918,13.029999732971191,13.050000190734863,10.242727279663086,73100,,2004.0
2016-06-01,12.960000038146973,13.09000015258789,12.960000038146973,13.050000190734863,10.297966957092285,53100,,2004.0
2016-06-02,13.050000190734863,13.09000015258789,13.020000457763672,13.050000190734863,10.297966957092285,45900,,2004.0
2016-06-03,13.079999923706055,13.079999923706055,13.010000228881836,13.020000457763672,10.274293899536133,39000,,2004.0
2016-06-06,13.020000457763672,13.050000190734863,13.0,13.050000190734863,10.297966957092285,69300,,2004.0
2016-06-07,13.09000015258789,13.09000015258789,12.979999542236328,13.069999694824219,10.313750267028809,96300,,2004.0
2016-06-08,13.079999923706055,13.109999656677246,12.989999771118164,13.050000190734863,10.297966957092285,124200,,2004.0
2016-06-09,13.0600004196167,13.079999923706055,13.010000228881836,13.039999961853027,10.290077209472656,45700,,2004.0
2016-06-10,13.0,13.100000381469727,12.979999542236328,13.100000381469727,10.337423324584961,50000,,2004.0
2016-06-13,13.050000190734863,13.069999694824219,12.970000267028809,12.979999542236328,10.242729187011719,42300,,2004.0
2016-06-14,13.010000228881836,13.029999732971191,12.949999809265137,13.029999732971191,10.282185554504395,55800,,2004.0
2016-06-15,13.039999961853027,13.069999694824219,13.0,13.029999732971191,10.282185554504395,45700,,2004.0
2016-06-16,13.0,13.109999656677246,12.979999542236328,13.100000381469727,10.337423324584961,78200,,2004.0
2016-06-17,13.09000015258789,13.100000381469727,13.010000228881836,13.100000381469727,10.337423324584961,70900,,2004.0
2016-06-20,13.069999694824219,13.149999618530273,13.050000190734863,13.050000190734863,10.297966957092285,46100,,2004.0
2016-06-21,13.050000190734863,13.09000015258789,12.960000038146973,12.970000267028809,10.234837532043457,144900,,2004.0
2016-06-22,13.020000457763672,13.100000381469727,13.0,13.100000381469727,10.337423324584961,50100,,2004.0
2016-06-23,13.09000015258789,13.229999542236328,13.09000015258789,13.199999809265137,10.41633415222168,54800,,2004.0
2016-06-24,13.100000381469727,13.199999809265137,13.0,13.130000114440918,10.361098289489746,75600,,2004.0
2016-06-27,13.079999923706055,13.079999923706055,12.819999694824219,12.880000114440918,10.163819313049316,65000,,2004.0
2016-06-28,12.869999885559082,12.9399995803833,12.779999732971191,12.8100004196167,10.108582496643066,100100,,2004.0
2016-06-29,12.84000015258789,12.920000076293945,12.789999961853027,12.819999694824219,10.116470336914062,62400,,2004.0
2016-06-30,12.84000015258789,12.859999656677246,12.789999961853027,12.850000381469727,10.140145301818848,94700,,2004.0
2016-07-01,12.859999656677246,12.880000114440918,12.789999961853027,12.880000114440918,10.219487190246582,71200,,2004.0
2016-07-05,12.859999656677246,12.890000343322754,12.829999923706055,12.890000343322754,10.227420806884766,67900,,2004.0
2016-07-06,12.880000114440918,12.960000038146973,12.850000381469727,12.930000305175781,10.259160995483398,55400,,2004.0
2016-07-07,12.970000267028809,13.0,12.899999618530273,13.0,10.314698219299316,41200,,2004.0
2016-07-08,13.050000190734863,13.140000343322754,13.050000190734863,13.100000381469727,10.394044876098633,28000,,2004.0
2016-07-11,13.050000190734863,13.140000343322754,13.050000190734863,13.109999656677246,10.401978492736816,31000,,2004.0
2016-07-12,13.109999656677246,13.1899995803833,13.069999694824219,13.100000381469727,10.394044876098633,49200,,2004.0
2016-07-13,13.119999885559082,13.119999885559082,13.0,13.079999923706055,10.378171920776367,45400,,2004.0
2016-07-14,13.119999885559082,13.149999618530273,13.050000190734863,13.149999618530273,10.433717727661133,39000,,2004.0
2016-07-15,13.180000305175781,13.199999809265137,13.069999694824219,13.180000305175781,10.45751953125,59400,,2004.0
2016-07-18,13.199999809265137,13.289999961853027,13.199999809265137,13.25,10.5130615234375,58700,,2004.0
2016-07-19,13.34000015258789,13.34000015258789,13.199999809265137,13.229999542236328,10.497191429138184,63300,,2004.0
2016-07-20,13.25,13.289999961853027,13.170000076293945,13.210000038146973,10.481322288513184,70600,,2004.0
2016-07-21,13.210000038146973,13.260000228881836,13.15999984741211,13.170000076293945,10.44958209991455,45800,,2004.0
2016-07-22,13.199999809265137,13.260000228881836,13.15999984741211,13.25,10.5130615234375,30400,,2004.0
2016-07-25,13.25,13.25,13.199999809265137,13.210000038146973,10.481322288513184,28000,,2004.0
2016-07-26,13.220000267028809,13.289999961853027,13.1899995803833,13.279999732971191,10.536860466003418,33800,,2004.0
2016-07-27,13.289999961853027,13.289999961853027,13.239999771118164,13.25,10.5130615234375,35400,,2004.0
2016-07-28,13.270000457763672,13.289999961853027,13.229999542236328,13.289999961853027,10.544795989990234,31500,,2004.0
2016-07-29,13.289999961853027,13.399999618530273,13.270000457763672,13.390000343322754,10.624139785766602,45600,,2004.0
2016-08-01,13.279999732971191,13.300000190734863,13.170000076293945,13.180000305175781,10.512474060058594,50100,,2004.0
2016-08-02,13.1899995803833,13.25,13.130000114440918,13.25,10.568312644958496,95200,,2004.0
2016-08-03,13.210000038146973,13.25,13.119999885559082,13.229999542236328,10.55235481262207,76100,,2004.0
2016-08-04,13.220000267028809,13.399999618530273,13.220000267028809,13.369999885559082,10.664023399353027,57100,,2004.0
2016-08-05,13.279999732971191,13.550000190734863,13.279999732971191,13.420000076293945,10.703899383544922,100200,,2004.0
2016-08-08,13.420000076293945,13.470000267028809,13.359999656677246,13.359999656677246,10.656045913696289,55200,,2004.0
2016-08-09,13.4399995803833,13.449999809265137,13.329999923706055,13.399999618530273,10.68795394897461,52100,,2004.0
2016-08-10,13.470000267028809,13.470000267028809,13.329999923706055,13.380000114440918,10.671998977661133,55500,,2004.0
2016-08-11,13.420000076293945,13.59000015258789,13.40999984741211,13.569999694824219,10.823541641235352,128300,,2004.0
2016-08-12,13.5600004196167,13.670000076293945,13.399999618530273,13.670000076293945,10.903305053710938,105400,,2004.0
2016-08-15,13.699999809265137,13.699999809265137,13.4399995803833,13.550000190734863,10.80759334564209,116400,,2004.0
2016-08-16,13.600000381469727,13.670000076293945,13.460000038146973,13.460000038146973,10.735808372497559,96200,,2004.0
2016-08-17,13.550000190734863,13.609999656677246,13.479999542236328,13.569999694824219,10.823541641235352,53500,,2004.0
2016-08-18,13.630000114440918,13.630000114440918,13.460000038146973,13.479999542236328,10.751758575439453,65300,,2004.0
2016-08-19,13.5,13.5,13.369999885559082,13.489999771118164,10.759736061096191,65200,,2004.0
2016-08-22,13.529999732971191,13.5600004196167,13.489999771118164,13.510000228881836,10.775687217712402,47900,,2004.0
2016-08-23,13.569999694824219,13.630000114440918,13.460000038146973,13.489999771118164,10.759736061096191,77900,,2004.0
2016-08-24,13.449999809265137,13.489999771118164,13.449999809265137,13.489999771118164,10.759736061096191,45200,,2004.0
2016-08-25,13.520000457763672,13.520000457763672,13.449999809265137,13.470000267028809,10.743783950805664,63400,,2004.0
2016-08-26,13.520000457763672,13.550000190734863,13.449999809265137,13.539999961853027,10.799613952636719,49200,,2004.0
2016-08-29,13.579999923706055,13.649999618530273,13.539999961853027,13.649999618530273,10.887351989746094,40400,,2004.0
2016-08-30,13.569999694824219,13.65999984741211,13.510000228881836,13.619999885559082,10.863423347473145,103000,,2004.0
2016-08-31,13.59000015258789,13.65999984741211,13.579999923706055,13.59000015258789,10.839494705200195,47900,,2004.0
2016-09-01,13.529999732971191,13.550000190734863,13.449999809265137,13.529999732971191,10.847514152526855,56300,,2004.0
2016-09-02,13.489999771118164,13.550000190734863,13.489999771118164,13.489999771118164,10.815441131591797,37200,,2004.0
2016-09-06,13.529999732971191,13.550000190734863,13.479999542236328,13.510000228881836,10.831478118896484,43800,,2004.0
2016-09-07,13.529999732971191,13.680000305175781,13.5,13.649999618530273,10.943721771240234,77300,,2004.0
2016-09-08,13.59000015258789,13.630000114440918,13.489999771118164,13.550000190734863,10.863548278808594,72300,,2004.0
2016-09-09,13.529999732971191,13.609999656677246,13.470000267028809,13.510000228881836,10.831478118896484,60900,,2004.0
2016-09-12,13.470000267028809,13.539999961853027,13.470000267028809,13.529999732971191,10.847514152526855,63600,,2004.0
2016-09-13,13.5,13.529999732971191,13.399999618530273,13.430000305175781,10.767338752746582,60800,,2004.0
2016-09-14,13.479999542236328,13.529999732971191,13.449999809265137,13.479999542236328,10.807424545288086,54500,,2004.0
2016-09-15,13.529999732971191,13.579999923706055,13.479999542236328,13.489999771118164,10.815441131591797,63600,,2004.0
2016-09-16,13.520000457763672,13.550000190734863,13.489999771118164,13.520000457763672,10.839496612548828,65300,,2004.0
2016-09-19,13.579999923706055,13.579999923706055,13.520000457763672,13.520000457763672,10.839496612548828,45700,,2004.0
2016-09-20,13.5600004196167,13.5600004196167,13.4399995803833,13.470000267028809,10.799408912658691,74900,,2004.0
2016-09-21,13.539999961853027,13.539999961853027,13.4399995803833,13.4399995803833,10.77535629272461,93700,,2004.0
2016-09-22,13.539999961853027,13.59000015258789,13.510000228881836,13.520000457763672,10.839496612548828,62900,,2004.0
2016-09-23,13.5600004196167,13.579999923706055,13.510000228881836,13.5600004196167,10.871567726135254,56100,,2004.0
2016-09-26,13.550000190734863,13.600000381469727,13.539999961853027,13.569999694824219,10.879582405090332,71700,,2004.0
2016-09-27,13.600000381469727,13.670000076293945,13.5600004196167,13.670000076293945,10.959757804870605,47700,,2004.0
2016-09-28,13.670000076293945,13.789999961853027,13.609999656677246,13.729999542236328,11.007862091064453,106400,,2004.0
2016-09-29,13.720000267028809,13.75,13.649999618530273,13.6899995803833,10.975789070129395,90200,,2004.0
2016-09-30,13.699999809265137,13.800000190734863,13.670000076293945,13.670000076293945,10.959757804870605,95100,,2004.0
2016-10-03,13.609999656677246,13.630000114440918,13.579999923706055,13.59000015258789,10.95169734954834,19300,,2004.0
2016-10-04,13.630000114440918,13.649999618530273,13.529999732971191,13.609999656677246,10.967815399169922,47200,,2004.0
2016-10-05,13.640000343322754,13.720000267028809,13.5600004196167,13.680000305175781,11.024224281311035,58200,,2004.0
2016-10-06,13.619999885559082,13.619999885559082,13.460000038146973,13.510000228881836,10.887228012084961,64900,,2004.0
2016-10-07,13.529999732971191,13.529999732971191,13.479999542236328,13.529999732971191,10.903343200683594,24600,,2004.0
2016-10-10,13.539999961853027,13.5600004196167,13.520000457763672,13.529999732971191,10.903343200683594,57100,,2004.0
2016-10-11,13.510000228881836,13.619999885559082,13.510000228881836,13.5600004196167,10.927519798278809,65700,,2004.0
2016-10-12,13.579999923706055,13.59000015258789,13.510000228881836,13.510000228881836,10.887228012084961,75700,,2004.0
2016-10-13,13.510000228881836,13.5600004196167,13.510000228881836,13.5600004196167,10.927519798278809,53300,,2004.0
2016-10-14,13.529999732971191,13.569999694824219,13.510000228881836,13.539999961853027,10.911405563354492,45600,,2004.0
2016-10-17,13.539999961853027,13.5600004196167,13.460000038146973,13.470000267028809,10.854994773864746,55600,,2004.0
2016-10-18,13.489999771118164,13.510000228881836,13.40999984741211,13.460000038146973,10.846938133239746,53600,,2004.0
2016-10-19,13.449999809265137,13.569999694824219,13.449999809265137,13.569999694824219,10.935585975646973,45600,,2004.0
2016-10-20,13.529999732971191,13.5600004196167,13.449999809265137,13.449999809265137,10.838878631591797,73600,,2004.0
2016-10-21,13.489999771118164,13.539999961853027,13.460000038146973,13.520000457763672,10.895285606384277,91200,,2004.0
2016-10-24,13.510000228881836,13.550000190734863,13.489999771118164,13.489999771118164,10.871111869812012,91800,,2004.0
2016-10-25,13.529999732971191,13.5600004196167,13.520000457763672,13.5600004196167,10.927519798278809,72200,,2004.0
2016-10-26,13.569999694824219,13.649999618530273,13.5600004196167,13.640000343322754,10.991990089416504,79900,,2004.0
2016-10-27,13.670000076293945,13.720000267028809,13.609999656677246,13.680000305175781,11.024224281311035,57500,,2004.0
2016-10-28,13.630000114440918,13.729999542236328,13.600000381469727,13.680000305175781,11.024224281311035,64400,,2004.0
2016-10-31,13.5600004196167,13.640000343322754,13.5600004196167,13.630000114440918,10.983932495117188,125700,,2004.0
2016-11-01,13.520000457763672,13.539999961853027,13.479999542236328,13.5,10.935332298278809,56300,,2004.0
2016-11-02,13.449999809265137,13.489999771118164,13.40999984741211,13.449999809265137,10.8948335647583,122500,,2004.0
2016-11-03,13.40999984741211,13.4399995803833,13.34000015258789,13.34000015258789,10.805729866027832,78200,,2004.0
2016-11-04,13.300000190734863,13.359999656677246,13.25,13.3100004196167,10.781426429748535,81600,,2004.0
2016-11-07,13.399999618530273,13.430000305175781,13.239999771118164,13.40999984741211,10.86242961883545,105700,,2004.0
2016-11-08,13.380000114440918,13.40999984741211,13.329999923706055,13.40999984741211,10.86242961883545,47900,,2004.0
2016-11-09,13.329999923706055,13.390000343322754,13.300000190734863,13.380000114440918,10.838125228881836,70900,,2004.0
2016-11-10,13.359999656677246,13.420000076293945,13.260000228881836,13.399999618530273,10.854329109191895,92300,,2004.0
2016-11-11,13.3100004196167,13.550000190734863,13.3100004196167,13.4399995803833,10.886730194091797,48500,,2004.0
2016-11-14,13.40999984741211,13.609999656677246,13.40999984741211,13.479999542236328,10.9191312789917,61000,,2004.0
2016-11-15,13.539999961853027,13.600000381469727,13.510000228881836,13.59000015258789,11.008233070373535,64800,,2004.0
2016-11-16,13.520000457763672,13.6899995803833,13.520000457763672,13.550000190734863,10.975831031799316,83700,,2004.0
2016-11-17,13.520000457763672,13.65999984741211,13.520000457763672,13.609999656677246,11.024433135986328,42300,,2004.0
2016-11-18,13.569999694824219,13.640000343322754,13.569999694824219,13.569999694824219,10.992035865783691,57000,,2004.0
2016-11-21,13.59000015258789,13.779999732971191,13.59000015258789,13.699999809265137,11.09733772277832,54900,,2004.0
2016-11-22,13.75,13.800000190734863,13.699999809265137,13.710000038146973,11.105437278747559,62300,,2004.0
2016-11-23,13.699999809265137,13.899999618530273,13.699999809265137,13.880000114440918,11.243138313293457,63100,,2004.0
2016-11-25,13.899999618530273,13.9399995803833,13.75,13.800000190734863,11.178339004516602,57400,,2004.0
2016-11-28,13.850000381469727,13.859999656677246,13.779999732971191,13.8100004196167,11.186436653137207,66100,,2004.0
2016-11-29,13.729999542236328,13.829999923706055,13.680000305175781,13.75,11.137838363647461,91400,,2004.0
2016-11-30,13.729999542236328,13.859999656677246,13.6899995803833,13.779999732971191,11.16213607788086,82900,,2004.0
2016-12-01,13.640000343322754,13.789999961853027,13.619999885559082,13.760000228881836,11.202841758728027,100600,,2004.0
2016-12-02,13.800000190734863,13.890000343322754,13.729999542236328,13.75,11.194704055786133,127600,,2004.0
2016-12-05,13.819999694824219,13.829999923706055,13.6899995803833,13.75,11.194704055786133,116300,,2004.0
2016-12-06,13.729999542236328,13.770000457763672,13.720000267028809,13.75,11.194704055786133,79500,,2004.0
2016-12-07,13.720000267028809,13.869999885559082,13.720000267028809,13.84000015258789,11.267979621887207,78400,,2004.0
2016-12-08,13.890000343322754,13.890000343322754,13.789999961853027,13.84000015258789,11.267979621887207,90200,,2004.0
2016-12-09,13.869999885559082,13.960000038146973,13.850000381469727,13.869999885559082,11.292401313781738,99700,,2004.0
2016-12-12,13.90999984741211,13.920000076293945,13.729999542236328,13.789999961853027,11.227269172668457,136500,,2004.0
2016-12-13,13.829999923706055,13.829999923706055,13.630000114440918,13.649999618530273,11.113286972045898,389900,,2004.0
2016-12-14,13.720000267028809,13.8100004196167,13.710000038146973,13.779999732971191,11.219124794006348,87900,,2004.0
2016-12-15,13.789999961853027,13.819999694824219,13.720000267028809,13.760000228881836,11.202841758728027,71700,,2004.0
2016-12-16,13.800000190734863,13.850000381469727,13.739999771118164,13.84000015258789,11.267979621887207,70600,,2004.0
2016-12-19,13.800000190734863,13.880000114440918,13.739999771118164,13.779999732971191,11.219124794006348,131100,,2004.0
2016-12-20,13.829999923706055,13.829999923706055,13.720000267028809,13.770000457763672,11.210984230041504,103600,,2004.0
2016-12-21,13.739999771118164,13.779999732971191,13.720000267028809,13.720000267028809,11.170278549194336,79000,,2004.0
2016-12-22,13.770000457763672,13.800000190734863,13.75,13.779999732971191,11.219124794006348,82300,,2004.0
2016-12-23,13.819999694824219,13.829999923706055,13.729999542236328,13.770000457763672,11.210984230041504,45400,,2004.0
2016-12-27,13.75,13.84000015258789,13.75,13.819999694824219,11.251693725585938,69000,,2004.0
2016-12-28,13.84000015258789,13.84000015258789,13.770000457763672,13.789999961853027,11.227269172668457,59800,,2004.0
2016-12-29,13.829999923706055,13.869999885559082,13.8100004196167,13.850000381469727,11.27612018585205,99000,,2004.0
2016-12-30,13.859999656677246,13.899999618530273,13.829999923706055,13.829999923706055,11.259835243225098,90300,,2004.0
2017-01-03,13.770000457763672,13.859999656677246,13.770000457763672,13.84000015258789,11.32365608215332,73600,,2004.0
2017-01-04,13.829999923706055,13.869999885559082,13.8100004196167,13.84000015258789,11.32365608215332,76100,,2004.0
2017-01-05,13.850000381469727,13.949999809265137,13.8100004196167,13.880000114440918,11.356382369995117,100400,,2004.0
2017-01-06,13.899999618530273,13.899999618530273,13.789999961853027,13.819999694824219,11.307290077209473,117000,,2004.0
2017-01-09,13.84000015258789,13.850000381469727,13.789999961853027,13.800000190734863,11.290928840637207,53200,,2004.0
2017-01-10,13.789999961853027,13.869999885559082,13.779999732971191,13.859999656677246,11.340019226074219,62700,,2004.0
2017-01-11,13.84000015258789,13.930000305175781,13.819999694824219,13.850000381469727,11.331838607788086,77100,,2004.0
2017-01-12,13.859999656677246,13.869999885559082,13.8100004196167,13.850000381469727,11.331838607788086,71100,,2004.0
2017-01-13,13.84000015258789,13.869999885559082,13.8100004196167,13.84000015258789,11.32365608215332,61900,,2004.0
2017-01-17,13.8100004196167,13.850000381469727,13.779999732971191,13.8100004196167,11.29910659790039,144900,,2004.0
2017-01-18,13.84000015258789,13.850000381469727,13.779999732971191,13.850000381469727,11.331838607788086,87300,,2004.0
2017-01-19,13.84000015258789,13.850000381469727,13.729999542236328,13.739999771118164,11.241836547851562,94700,,2004.0
2017-01-20,13.75,13.800000190734863,13.699999809265137,13.720000267028809,11.225473403930664,97700,,2004.0
2017-01-23,13.75,13.779999732971191,13.729999542236328,13.760000228881836,11.258197784423828,60500,,2004.0
2017-01-24,13.75,13.829999923706055,13.739999771118164,13.800000190734863,11.290928840637207,58100,,2004.0
2017-01-25,13.8100004196167,13.890000343322754,13.8100004196167,13.869999885559082,11.348196983337402,205800,,2004.0
2017-01-26,13.850000381469727,13.899999618530273,13.829999923706055,13.850000381469727,11.331838607788086,79800,,2004.0
2017-01-27,13.859999656677246,13.890000343322754,13.819999694824219,13.829999923706055,11.315471649169922,66500,,2004.0
2017-01-30,13.819999694824219,13.899999618530273,13.8100004196167,13.880000114440918,11.356382369995117,82200,,2004.0
2017-01-31,13.869999885559082,13.899999618530273,13.800000190734863,13.880000114440918,11.356382369995117,110100,,2004.0
2017-02-01,13.829999923706055,13.850000381469727,13.770000457763672,13.819999694824219,11.362958908081055,58100,,2004.0
2017-02-02,13.829999923706055,13.890000343322754,13.800000190734863,13.84000015258789,11.379403114318848,80100,,2004.0
2017-02-03,13.84000015258789,13.899999618530273,13.84000015258789,13.890000343322754,11.420513153076172,79400,,2004.0
2017-02-06,13.869999885559082,13.899999618530273,13.859999656677246,13.869999885559082,11.404068946838379,111200,,2004.0
2017-02-07,13.880000114440918,13.890000343322754,13.850000381469727,13.869999885559082,11.404068946838379,74500,,2004.0
2017-02-08,13.880000114440918,13.880000114440918,13.800000190734863,13.869999885559082,11.404068946838379,73300,,2004.0
2017-02-09,13.859999656677246,13.880000114440918,13.84000015258789,13.859999656677246,11.395848274230957,66000,,2004.0
2017-02-10,13.880000114440918,13.890000343322754,13.859999656677246,13.869999885559082,11.404068946838379,72900,,2004.0
2017-02-13,13.949999809265137,13.949999809265137,13.850000381469727,13.850000381469727,11.387627601623535,52900,,2004.0
2017-02-14,13.84000015258789,13.920000076293945,13.84000015258789,13.899999618530273,11.42873477935791,82000,,2004.0
2017-02-15,13.90999984741211,13.970000267028809,13.890000343322754,13.949999809265137,11.469846725463867,137800,,2004.0
2017-02-16,13.930000305175781,13.9399995803833,13.869999885559082,13.869999885559082,11.404068946838379,72000,,2004.0
2017-02-17,13.84000015258789,13.880000114440918,13.84000015258789,13.859999656677246,11.395848274230957,68900,,2004.0
2017-02-21,13.850000381469727,13.930000305175781,13.850000381469727,13.869999885559082,11.404068946838379,102500,,2004.0
2017-02-22,13.869999885559082,13.90999984741211,13.859999656677246,13.90999984741211,11.436957359313965,112000,,2004.0
2017-02-23,13.90999984741211,13.960000038146973,13.880000114440918,13.90999984741211,11.436957359313965,102100,,2004.0
2017-02-24,13.850000381469727,13.9399995803833,13.850000381469727,13.90999984741211,11.436957359313965,57200,,2004.0
2017-02-27,13.920000076293945,13.930000305175781,13.899999618530273,13.899999618530273,11.42873477935791,54300,,2004.0
2017-02-28,13.920000076293945,14.010000228881836,13.829999923706055,13.869999885559082,11.404068946838379,240100,,2004.0
2017-03-01,13.880000114440918,13.890000343322754,13.829999923706055,13.850000381469727,11.443730354309082,78200,,2004.0
2017-03-02,13.779999732971191,13.880000114440918,13.779999732971191,13.819999694824219,11.41894245147705,165600,,2004.0
2017-03-03,13.829999923706055,13.9399995803833,13.829999923706055,13.880000114440918,11.46851921081543,76200,,2004.0
2017-03-06,13.859999656677246,13.899999618530273,13.800000190734863,13.890000343322754,11.47677993774414,85100,,2004.0
2017-03-07,13.850000381469727,13.880000114440918,13.8100004196167,13.829999923706055,11.427206993103027,85400,,2004.0
2017-03-08,13.850000381469727,13.859999656677246,13.819999694824219,13.850000381469727,11.443730354309082,70100,,2004.0
2017-03-09,13.84000015258789,13.84000015258789,13.640000343322754,13.739999771118164,11.35284423828125,148000,,2004.0
2017-03-10,13.75,13.970000267028809,13.739999771118164,13.9399995803833,11.51809310913086,158000,,2004.0
2017-03-13,13.880000114440918,13.920000076293945,13.850000381469727,13.850000381469727,11.443730354309082,71400,,2004.0
2017-03-14,13.84000015258789,13.84000015258789,13.710000038146973,13.75,11.36110782623291,56300,,2004.0
2017-03-15,13.760000228881836,13.829999923706055,13.649999618530273,13.739999771118164,11.35284423828125,98900,,2004.0
2017-03-16,13.800000190734863,13.850000381469727,13.770000457763672,13.850000381469727,11.443730354309082,68700,,2004.0
2017-03-17,13.84000015258789,13.899999618530273,13.819999694824219,13.84000015258789,11.435467720031738,69200,,2004.0
2017-03-20,13.829999923706055,13.84000015258789,13.8100004196167,13.8100004196167,11.41068172454834,72900,,2004.0
2017-03-21,13.8100004196167,13.84000015258789,13.75,13.779999732971191,11.385890007019043,68300,,2004.0
2017-03-22,13.75,13.84000015258789,13.729999542236328,13.84000015258789,11.435467720031738,94100,,2004.0
2017-03-23,13.829999923706055,13.84000015258789,13.8100004196167,13.829999923706055,11.427206993103027,51500,,2004.0
2017-03-24,13.84000015258789,13.84000015258789,13.789999961853027,13.819999694824219,11.41894245147705,63600,,2004.0
2017-03-27,13.779999732971191,13.8100004196167,13.760000228881836,13.789999961853027,11.394155502319336,54200,,2004.0
2017-03-28,13.789999961853027,13.859999656677246,13.779999732971191,13.84000015258789,11.435467720031738,109300,,2004.0
2017-03-29,13.829999923706055,13.880000114440918,13.819999694824219,13.859999656677246,11.451994895935059,66000,,2004.0
2017-03-30,13.850000381469727,13.890000343322754,13.779999732971191,13.779999732971191,11.385890007019043,51300,,2004.0
2017-03-31,13.789999961853027,13.84000015258789,13.770000457763672,13.829999923706055,11.427206993103027,69200,,2004.0
2017-04-03,13.770000457763672,13.779999732971191,13.720000267028809,13.729999542236328,11.400632858276367,78700,,2004.0
2017-04-04,13.720000267028809,13.75,13.65999984741211,13.699999809265137,11.375722885131836,67500,,2004.0
2017-04-05,13.710000038146973,13.760000228881836,13.670000076293945,13.680000305175781,11.359119415283203,52500,,2004.0
2017-04-06,13.649999618530273,13.6899995803833,13.609999656677246,13.609999656677246,11.300993919372559,101900,,2004.0
2017-04-07,13.59000015258789,13.640000343322754,13.529999732971191,13.529999732971191,11.234565734863281,228400,,2004.0
2017-04-10,13.59000015258789,13.649999618530273,13.59000015258789,13.649999618530273,11.334207534790039,83100,,2004.0
2017-04-11,13.630000114440918,13.680000305175781,13.609999656677246,13.640000343322754,11.325902938842773,57600,,2004.0
2017-04-12,13.640000343322754,13.720000267028809,13.600000381469727,13.619999885559082,11.309296607971191,48000,,2004.0
2017-04-13,13.619999885559082,13.65999984741211,13.600000381469727,13.640000343322754,11.325902938842773,62300,,2004.0
2017-04-17,13.609999656677246,13.640000343322754,13.569999694824219,13.609999656677246,11.300993919372559,50800,,2004.0
2017-04-18,13.5600004196167,13.670000076293945,13.5600004196167,13.609999656677246,11.300993919372559,56000,,2004.0
2017-04-19,13.619999885559082,13.699999809265137,13.5,13.550000190734863,11.251173973083496,144700,,2004.0
2017-04-20,13.539999961853027,13.649999618530273,13.520000457763672,13.600000381469727,11.29269027709961,99600,,2004.0
2017-04-21,13.569999694824219,13.609999656677246,13.5600004196167,13.5600004196167,11.259477615356445,79500,,2004.0
2017-04-24,13.630000114440918,13.65999984741211,13.609999656677246,13.640000343322754,11.325902938842773,50500,,2004.0
2017-04-25,13.680000305175781,13.720000267028809,13.619999885559082,13.720000267028809,11.392332077026367,107600,,2004.0
2017-04-26,13.739999771118164,13.739999771118164,13.65999984741211,13.680000305175781,11.359119415283203,77400,,2004.0
2017-04-27,13.670000076293945,13.699999809265137,13.640000343322754,13.699999809265137,11.375722885131836,71700,,2004.0
2017-04-28,13.680000305175781,13.6899995803833,13.640000343322754,13.680000305175781,11.359119415283203,51100,,2004.0
2017-05-01,13.609999656677246,13.65999984741211,13.579999923706055,13.649999618530273,11.389155387878418,52800,,2004.0
2017-05-02,13.619999885559082,13.670000076293945,13.59000015258789,13.600000381469727,11.347436904907227,66200,,2004.0
2017-05-03,13.609999656677246,13.609999656677246,13.5600004196167,13.609999656677246,11.355780601501465,72500,,2004.0
2017-05-04,13.579999923706055,13.59000015258789,13.5,13.569999694824219,11.322405815124512,69500,,2004.0
2017-05-05,13.579999923706055,13.579999923706055,13.510000228881836,13.550000190734863,11.305720329284668,52100,,2004.0
2017-05-08,13.539999961853027,13.569999694824219,13.520000457763672,13.529999732971191,11.289031028747559,57100,,2004.0
2017-05-09,13.529999732971191,13.569999694824219,13.520000457763672,13.520000457763672,11.280688285827637,49800,,2004.0
2017-05-10,13.510000228881836,13.640000343322754,13.510000228881836,13.630000114440918,11.372466087341309,139500,,2004.0
2017-05-11,13.609999656677246,13.65999984741211,13.569999694824219,13.65999984741211,11.397497177124023,94100,,2004.0
2017-05-12,13.649999618530273,13.6899995803833,13.640000343322754,13.6899995803833,11.422529220581055,81100,,2004.0
2017-05-15,13.6899995803833,13.699999809265137,13.649999618530273,13.680000305175781,11.414188385009766,65200,,2004.0
2017-05-16,13.670000076293945,13.6899995803833,13.630000114440918,13.670000076293945,11.405842781066895,80600,,2004.0
2017-05-17,13.619999885559082,13.65999984741211,13.520000457763672,13.550000190734863,11.305720329284668,95100,,2004.0
2017-05-18,13.550000190734863,13.619999885559082,13.510000228881836,13.579999923706055,11.33074951171875,56000,,2004.0
2017-05-19,13.579999923706055,13.630000114440918,13.569999694824219,13.609999656677246,11.355780601501465,88100,,2004.0
2017-05-22,13.619999885559082,13.680000305175781,13.579999923706055,13.65999984741211,11.397497177124023,40400,,2004.0
2017-05-23,13.630000114440918,13.65999984741211,13.600000381469727,13.630000114440918,11.372466087341309,80300,,2004.0
2017-05-24,13.640000343322754,13.640000343322754,13.600000381469727,13.609999656677246,11.355780601501465,79300,,2004.0
2017-05-25,13.619999885559082,13.699999809265137,13.619999885559082,13.6899995803833,11.422529220581055,72400,,2004.0
2017-05-26,13.670000076293945,13.680000305175781,13.640000343322754,13.640000343322754,11.38080883026123,43700,,2004.0
2017-05-30,13.640000343322754,13.65999984741211,13.630000114440918,13.640000343322754,11.38080883026123,54500,,2004.0
2017-05-31,13.640000343322754,13.649999618530273,13.619999885559082,13.619999885559082,11.364124298095703,46400,,2004.0
2017-06-01,13.630000114440918,13.630000114440918,13.5600004196167,13.59000015258789,11.394308090209961,111400,,2004.0
2017-06-02,13.579999923706055,13.609999656677246,13.5600004196167,13.569999694824219,11.377538681030273,48500,,2004.0
2017-06-05,13.529999732971191,13.600000381469727,13.520000457763672,13.579999923706055,11.38592529296875,74700,,2004.0
2017-06-06,13.59000015258789,13.609999656677246,13.5600004196167,13.569999694824219,11.377538681030273,30100,,2004.0
2017-06-07,13.609999656677246,13.609999656677246,13.550000190734863,13.5600004196167,11.369154930114746,45300,,2004.0
2017-06-08,13.59000015258789,13.59000015258789,13.520000457763672,13.569999694824219,11.377538681030273,25400,,2004.0
2017-06-09,13.59000015258789,13.619999885559082,13.539999961853027,13.609999656677246,11.4110746383667,47100,,2004.0
2017-06-12,13.5600004196167,13.579999923706055,13.479999542236328,13.489999771118164,11.31046199798584,168100,,2004.0
2017-06-13,13.529999732971191,13.550000190734863,13.460000038146973,13.5,11.318848609924316,58700,,2004.0
2017-06-14,13.520000457763672,13.529999732971191,13.449999809265137,13.510000228881836,11.32723331451416,54000,,2004.0
2017-06-15,13.529999732971191,13.529999732971191,13.390000343322754,13.430000305175781,11.260157585144043,134200,,2004.0
2017-06-16,13.4399995803833,13.489999771118164,13.40999984741211,13.460000038146973,11.285311698913574,56500,,2004.0
2017-06-19,13.5,13.5,13.399999618530273,13.460000038146973,11.285311698913574,77300,,2004.0
2017-06-20,13.430000305175781,13.449999809265137,13.420000076293945,13.420000076293945,11.251774787902832,62000,,2004.0
2017-06-21,13.430000305175781,13.470000267028809,13.319999694824219,13.34000015258789,11.184700965881348,74700,,2004.0
2017-06-22,13.390000343322754,13.399999618530273,13.25,13.34000015258789,11.184700965881348,61200,,2004.0
2017-06-23,13.3100004196167,13.359999656677246,13.25,13.350000381469727,11.193083763122559,64300,,2004.0
2017-06-26,13.319999694824219,13.359999656677246,13.199999809265137,13.220000267028809,11.084088325500488,80300,,2004.0
2017-06-27,13.25,13.289999961853027,13.15999984741211,13.220000267028809,11.084088325500488,85900,,2004.0
2017-06-28,13.239999771118164,13.3100004196167,13.220000267028809,13.239999771118164,11.100855827331543,78200,,2004.0
2017-06-29,13.260000228881836,13.300000190734863,13.199999809265137,13.210000038146973,11.075702667236328,67000,,2004.0
2017-06-30,13.220000267028809,13.3100004196167,13.220000267028809,13.3100004196167,11.1595458984375,91200,,2004.0
2017-07-03,13.270000457763672,13.319999694824219,13.239999771118164,13.270000457763672,11.181453704833984,21200,,2004.0
2017-07-05,13.289999961853027,13.329999923706055,13.260000228881836,13.289999961853027,11.1983060836792,62300,,2004.0
2017-07-06,13.25,13.279999732971191,13.210000038146973,13.229999542236328,11.147747993469238,51200,,2004.0
2017-07-07,13.229999542236328,13.300000190734863,13.210000038146973,13.279999732971191,11.189879417419434,77900,,2004.0
2017-07-10,13.25,13.34000015258789,13.25,13.279999732971191,11.189879417419434,63100,,2004.0
2017-07-11,13.289999961853027,13.329999923706055,13.260000228881836,13.260000228881836,11.173026084899902,69700,,2004.0
2017-07-12,13.270000457763672,13.329999923706055,13.270000457763672,13.3100004196167,11.215156555175781,65700,,2004.0
2017-07-13,13.300000190734863,13.380000114440918,13.289999961853027,13.329999923706055,11.232010841369629,76400,,2004.0
2017-07-14,13.319999694824219,13.40999984741211,13.279999732971191,13.40999984741211,11.299421310424805,50700,,2004.0
2017-07-17,13.369999885559082,13.40999984741211,13.3100004196167,13.390000343322754,11.28256607055664,59000,,2004.0
2017-07-18,13.380000114440918,13.4399995803833,13.380000114440918,13.420000076293945,11.307847023010254,79600,,2004.0
2017-07-19,13.420000076293945,13.5,13.399999618530273,13.5,11.375253677368164,105100,,2004.0
2017-07-20,13.460000038146973,13.470000267028809,13.390000343322754,13.4399995803833,11.324701309204102,117200,,2004.0
2017-07-21,13.470000267028809,13.479999542236328,13.399999618530273,13.470000267028809,11.349979400634766,80500,,2004.0
2017-07-24,13.5,13.5,13.359999656677246,13.369999885559082,11.265715599060059,104900,,2004.0
2017-07-25,13.390000343322754,13.449999809265137,13.380000114440918,13.380000114440918,11.274141311645508,48900,,2004.0
2017-07-26,13.399999618530273,13.460000038146973,13.390000343322754,13.399999618530273,11.290993690490723,63700,,2004.0
2017-07-27,13.40999984741211,13.40999984741211,13.359999656677246,13.390000343322754,11.28256607055664,84000,,2004.0
2017-07-28,13.399999618530273,13.430000305175781,13.369999885559082,13.390000343322754,11.28256607055664,35900,,2004.0
2017-07-31,13.390000343322754,13.529999732971191,13.390000343322754,13.529999732971191,11.400532722473145,64700,,2004.0
2017-08-01,13.460000038146973,13.489999771118164,13.40999984741211,13.460000038146973,11.397147178649902,52900,,2004.0
2017-08-02,13.479999542236328,13.479999542236328,13.350000381469727,13.420000076293945,11.363276481628418,126700,,2004.0
2017-08-03,13.4399995803833,13.4399995803833,13.239999771118164,13.319999694824219,11.278602600097656,273900,,2004.0
2017-08-04,13.3100004196167,13.380000114440918,13.289999961853027,13.380000114440918,11.329407691955566,118400,,2004.0
2017-08-07,13.34000015258789,13.390000343322754,13.319999694824219,13.34000015258789,11.295537948608398,48000,,2004.0
2017-08-08,13.380000114440918,13.380000114440918,13.3100004196167,13.359999656677246,11.312470436096191,56100,,2004.0
2017-08-09,13.369999885559082,13.380000114440918,13.229999542236328,13.34000015258789,11.295537948608398,94500,,2004.0
2017-08-10,13.270000457763672,13.289999961853027,13.170000076293945,13.229999542236328,11.202393531799316,71700,,2004.0
2017-08-11,13.069999694824219,13.300000190734863,13.069999694824219,13.229999542236328,11.202393531799316,172400,,2004.0
2017-08-14,13.25,13.329999923706055,13.229999542236328,13.239999771118164,11.210862159729004,86000,,2004.0
2017-08-15,13.239999771118164,13.289999961853027,13.199999809265137,13.220000267028809,11.193928718566895,85200,,2004.0
2017-08-16,13.239999771118164,13.260000228881836,13.210000038146973,13.25,11.219330787658691,129100,,2004.0
2017-08-17,13.25,13.260000228881836,13.199999809265137,13.239999771118164,11.210862159729004,137800,,2004.0
2017-08-18,13.25,13.260000228881836,13.220000267028809,13.25,11.219330787658691,75200,,2004.0
2017-08-21,13.239999771118164,13.289999961853027,13.199999809265137,13.270000457763672,11.236266136169434,72400,,2004.0
2017-08-22,13.279999732971191,13.3100004196167,13.229999542236328,13.3100004196167,11.270135879516602,74000,,2004.0
2017-08-23,13.260000228881836,13.3100004196167,13.260000228881836,13.3100004196167,11.270135879516602,59100,,2004.0
2017-08-24,13.3100004196167,13.3100004196167,13.25,13.289999961853027,11.25320053100586,72200,,2004.0
2017-08-25,13.300000190734863,13.3100004196167,13.260000228881836,13.279999732971191,11.244732856750488,42300,,2004.0
2017-08-28,13.289999961853027,13.369999885559082,13.260000228881836,13.369999885559082,11.320940017700195,47000,,2004.0
2017-08-29,13.3100004196167,13.350000381469727,13.270000457763672,13.279999732971191,11.244732856750488,50800,,2004.0
2017-08-30,13.289999961853027,13.329999923706055,13.270000457763672,13.3100004196167,11.270135879516602,85200,,2004.0
2017-08-31,13.390000343322754,13.390000343322754,13.300000190734863,13.359999656677246,11.312470436096191,75700,,2004.0
2017-09-01,13.300000190734863,13.390000343322754,13.279999732971191,13.390000343322754,11.39416217803955,116400,,2004.0
2017-09-05,13.380000114440918,13.380000114440918,13.239999771118164,13.3100004196167,11.326087951660156,39000,,2004.0
2017-09-06,13.300000190734863,13.380000114440918,13.25,13.369999885559082,11.377141952514648,101900,,2004.0
2017-09-07,13.399999618530273,13.5,13.329999923706055,13.5,11.48776626586914,163900,,2004.0
2017-09-08,13.489999771118164,13.489999771118164,13.34000015258789,13.350000381469727,11.360123634338379,82800,,2004.0
2017-09-11,13.369999885559082,13.399999618530273,13.329999923706055,13.350000381469727,11.360123634338379,43100,,2004.0
2017-09-12,13.399999618530273,13.420000076293945,13.300000190734863,13.300000190734863,11.317575454711914,45200,,2004.0
2017-09-13,13.279999732971191,13.350000381469727,13.279999732971191,13.300000190734863,11.317575454711914,64400,,2004.0
2017-09-14,13.359999656677246,13.359999656677246,13.300000190734863,13.350000381469727,11.360123634338379,43300,,2004.0
2017-09-15,13.369999885559082,13.380000114440918,13.300000190734863,13.319999694824219,11.3345947265625,69100,,2004.0
2017-09-18,13.300000190734863,13.319999694824219,13.210000038146973,13.229999542236328,11.258009910583496,86600,,2004.0
2017-09-19,13.25,13.25,13.199999809265137,13.220000267028809,11.24950122833252,110200,,2004.0
2017-09-20,13.199999809265137,13.260000228881836,13.199999809265137,13.220000267028809,11.24950122833252,85200,,2004.0
2017-09-21,13.25,13.270000457763672,13.140000343322754,13.170000076293945,11.206954956054688,74000,,2004.0
2017-09-22,13.15999984741211,13.289999961853027,13.15999984741211,13.279999732971191,11.300557136535645,106200,,2004.0
2017-09-25,13.270000457763672,13.3100004196167,13.260000228881836,13.300000190734863,11.317575454711914,50700,,2004.0
2017-09-26,13.3100004196167,13.329999923706055,13.25,13.329999923706055,11.343106269836426,31600,,2004.0
2017-09-27,13.390000343322754,13.390000343322754,13.300000190734863,13.369999885559082,11.377141952514648,50300,,2004.0
2017-09-28,13.359999656677246,13.5,13.350000381469727,13.5,11.48776626586914,141800,,2004.0
2017-09-29,13.529999732971191,13.529999732971191,13.430000305175781,13.489999771118164,11.479254722595215,109400,,2004.0
2017-10-02,13.449999809265137,13.449999809265137,13.390000343322754,13.430000305175781,11.484387397766113,42300,,2004.0
2017-10-03,13.399999618530273,13.399999618530273,13.329999923706055,13.350000381469727,11.415976524353027,63700,,2004.0
2017-10-04,13.319999694824219,13.350000381469727,13.270000457763672,13.279999732971191,11.356119155883789,46400,,2004.0
2017-10-05,13.300000190734863,13.319999694824219,13.25,13.3100004196167,11.3817720413208,48700,,2004.0
2017-10-06,13.319999694824219,13.329999923706055,13.229999542236328,13.239999771118164,11.321913719177246,55900,,2004.0
2017-10-09,13.239999771118164,13.289999961853027,13.220000267028809,13.289999961853027,11.364668846130371,68300,,2004.0
2017-10-10,13.300000190734863,13.3100004196167,13.260000228881836,13.270000457763672,11.347567558288574,55200,,2004.0
2017-10-11,13.300000190734863,13.3100004196167,13.270000457763672,13.300000190734863,11.373220443725586,36300,,2004.0
2017-10-12,13.289999961853027,13.319999694824219,13.270000457763672,13.300000190734863,11.373220443725586,64700,,2004.0
2017-10-13,13.289999961853027,13.3100004196167,13.279999732971191,13.279999732971191,11.356119155883789,23600,,2004.0
2017-10-16,13.319999694824219,13.359999656677246,13.279999732971191,13.350000381469727,11.415976524353027,43300,,2004.0
2017-10-17,13.329999923706055,13.359999656677246,13.3100004196167,13.329999923706055,11.39887523651123,79500,,2004.0
2017-10-18,13.329999923706055,13.399999618530273,13.300000190734863,13.319999694824219,11.390324592590332,107500,,2004.0
2017-10-19,13.34000015258789,13.34000015258789,13.270000457763672,13.329999923706055,11.39887523651123,79100,,2004.0
2017-10-20,13.319999694824219,13.34000015258789,13.289999961853027,13.329999923706055,11.39887523651123,69000,,2004.0
2017-10-23,13.329999923706055,13.34000015258789,13.300000190734863,13.3100004196167,11.3817720413208,41000,,2004.0
2017-10-24,13.34000015258789,13.350000381469727,13.3100004196167,13.319999694824219,11.390324592590332,58800,,2004.0
2017-10-25,13.3100004196167,13.319999694824219,13.210000038146973,13.229999542236328,11.313360214233398,53300,,2004.0
2017-10-26,13.220000267028809,13.239999771118164,13.149999618530273,13.149999618530273,11.244951248168945,41900,,2004.0
2017-10-27,13.15999984741211,13.210000038146973,13.149999618530273,13.210000038146973,11.296260833740234,43300,,2004.0
2017-10-30,13.199999809265137,13.270000457763672,13.170000076293945,13.220000267028809,11.304811477661133,58900,,2004.0
2017-10-31,13.220000267028809,13.229999542236328,13.140000343322754,13.140000343322754,11.23639965057373,63200,,2004.0
2017-11-01,13.09000015258789,13.15999984741211,13.079999923706055,13.09000015258789,11.248431205749512,54100,,2004.0
2017-11-02,13.079999923706055,13.119999885559082,13.029999732971191,13.069999694824219,11.231245994567871,59300,,2004.0
2017-11-03,13.039999961853027,13.050000190734863,12.970000267028809,12.989999771118164,11.162501335144043,47000,,2004.0
2017-11-06,12.960000038146973,13.0,12.9399995803833,13.0,11.171092987060547,92900,,2004.0
2017-11-07,13.020000457763672,13.039999961853027,12.979999542236328,13.020000457763672,11.188281059265137,44000,,2004.0
2017-11-08,13.020000457763672,13.029999732971191,12.949999809265137,12.979999542236328,11.153907775878906,55900,,2004.0
2017-11-09,12.899999618530273,12.970000267028809,12.899999618530273,12.899999618530273,11.085161209106445,59900,,2004.0
2017-11-10,12.9399995803833,12.9399995803833,12.8100004196167,12.859999656677246,11.050786972045898,105900,,2004.0
2017-11-13,12.880000114440918,12.880000114440918,12.760000228881836,12.760000228881836,10.96485710144043,176700,,2004.0
2017-11-14,12.789999961853027,12.84000015258789,12.649999618530273,12.720000267028809,10.930487632751465,160400,,2004.0
2017-11-15,12.619999885559082,12.859999656677246,12.619999885559082,12.859999656677246,11.050786972045898,71200,,2004.0
2017-11-16,12.920000076293945,12.979999542236328,12.869999885559082,12.979999542236328,11.153907775878906,92900,,2004.0
2017-11-17,12.9399995803833,12.979999542236328,12.829999923706055,12.850000381469727,11.042195320129395,152100,,2004.0
2017-11-20,12.920000076293945,12.920000076293945,12.779999732971191,12.789999961853027,10.99063491821289,76500,,2004.0
2017-11-21,12.800000190734863,12.850000381469727,12.779999732971191,12.789999961853027,10.99063491821289,64700,,2004.0
2017-11-22,12.789999961853027,12.880000114440918,12.770000457763672,12.770000457763672,10.973450660705566,74500,,2004.0
2017-11-24,12.829999923706055,12.869999885559082,12.789999961853027,12.84000015258789,11.033604621887207,48900,,2004.0
2017-11-27,12.84000015258789,12.869999885559082,12.760000228881836,12.800000190734863,10.999232292175293,92200,,2004.0
2017-11-28,12.8100004196167,12.850000381469727,12.739999771118164,12.819999694824219,11.016414642333984,115500,,2004.0
2017-11-29,12.819999694824219,12.850000381469727,12.770000457763672,12.850000381469727,11.042195320129395,121800,,2004.0
2017-11-30,12.880000114440918,12.90999984741211,12.819999694824219,12.90999984741211,11.093756675720215,91100,,2004.0
2017-12-01,12.850000381469727,12.850000381469727,12.800000190734863,12.84000015258789,11.088573455810547,64800,,2004.0
2017-12-04,12.859999656677246,12.930000305175781,12.850000381469727,12.930000305175781,11.16629695892334,155500,,2004.0
2017-12-05,12.90999984741211,13.020000457763672,12.899999618530273,13.020000457763672,11.24402141571045,188600,,2004.0
2017-12-06,13.050000190734863,13.0600004196167,12.979999542236328,13.050000190734863,11.269927024841309,168400,,2004.0
2017-12-07,13.010000228881836,13.0600004196167,13.0,13.050000190734863,11.269927024841309,142800,,2004.0
2017-12-08,13.039999961853027,13.100000381469727,13.010000228881836,13.09000015258789,11.304471015930176,115600,,2004.0
2017-12-11,13.0600004196167,13.079999923706055,13.029999732971191,13.0600004196167,11.278565406799316,109400,,2004.0
2017-12-12,13.050000190734863,13.0600004196167,13.010000228881836,13.029999732971191,11.252655029296875,134800,,2004.0
2017-12-13,13.020000457763672,13.0600004196167,12.970000267028809,13.039999961853027,11.261293411254883,245600,,2004.0
2017-12-14,13.0,13.039999961853027,12.949999809265137,12.970000267028809,11.200840950012207,245800,,2004.0
2017-12-15,12.970000267028809,13.020000457763672,12.90999984741211,12.920000076293945,11.157661437988281,175700,,2004.0
2017-12-18,12.979999542236328,12.989999771118164,12.90999984741211,12.90999984741211,11.149026870727539,97600,,2004.0
2017-12-19,12.899999618530273,12.930000305175781,12.890000343322754,12.920000076293945,11.157661437988281,83000,,2004.0
2017-12-20,12.899999618530273,12.979999542236328,12.899999618530273,12.930000305175781,11.16629695892334,148300,,2004.0
2017-12-21,12.920000076293945,12.930000305175781,12.819999694824219,12.84000015258789,11.088573455810547,177900,,2004.0
2017-12-22,12.859999656677246,12.90999984741211,12.829999923706055,12.859999656677246,11.105842590332031,166900,,2004.0
2017-12-26,12.859999656677246,12.949999809265137,12.859999656677246,12.930000305175781,11.16629695892334,94600,,2004.0
2017-12-27,12.920000076293945,12.920000076293945,12.859999656677246,12.890000343322754,11.131753921508789,89800,,2004.0
2017-12-28,12.890000343322754,12.899999618530273,12.819999694824219,12.880000114440918,11.123117446899414,181200,,2004.0
2017-12-29,12.850000381469727,12.90999984741211,12.829999923706055,12.899999618530273,11.140389442443848,292600,,2004.0
2018-01-02,12.859999656677246,12.880000114440918,12.829999923706055,12.850000381469727,11.152538299560547,101000,,2004.0
2018-01-03,12.869999885559082,12.90999984741211,12.850000381469727,12.890000343322754,11.187255859375,69000,,2004.0
2018-01-04,12.899999618530273,12.930000305175781,12.890000343322754,12.90999984741211,11.20461654663086,77900,,2004.0
2018-01-05,12.930000305175781,12.930000305175781,12.869999885559082,12.890000343322754,11.187255859375,75500,,2004.0
2018-01-08,12.90999984741211,12.90999984741211,12.829999923706055,12.859999656677246,11.161216735839844,112900,,2004.0
2018-01-09,12.850000381469727,12.869999885559082,12.829999923706055,12.859999656677246,11.161216735839844,100000,,2004.0
2018-01-10,12.859999656677246,12.859999656677246,12.779999732971191,12.800000190734863,11.109145164489746,198100,,2004.0
2018-01-11,12.800000190734863,12.84000015258789,12.800000190734863,12.800000190734863,11.109145164489746,170200,,2004.0
2018-01-12,12.829999923706055,12.84000015258789,12.789999961853027,12.819999694824219,11.12650203704834,132900,,2004.0
2018-01-16,12.819999694824219,12.880000114440918,12.819999694824219,12.859999656677246,11.161216735839844,119600,,2004.0
2018-01-17,12.880000114440918,12.890000343322754,12.819999694824219,12.84000015258789,11.143860816955566,124700,,2004.0
2018-01-18,12.859999656677246,12.859999656677246,12.779999732971191,12.800000190734863,11.109145164489746,102900,,2004.0
2018-01-19,12.760000228881836,12.779999732971191,12.710000038146973,12.739999771118164,11.0570707321167,151300,,2004.0
2018-01-22,12.800000190734863,12.859999656677246,12.779999732971191,12.84000015258789,11.143860816955566,161200,,2004.0
2018-01-23,12.880000114440918,12.9399995803833,12.859999656677246,12.90999984741211,11.20461654663086,179700,,2004.0
2018-01-24,12.90999984741211,12.979999542236328,12.90999984741211,12.9399995803833,11.230649948120117,111800,,2004.0
2018-01-25,12.949999809265137,12.979999542236328,12.90999984741211,12.960000038146973,11.24800968170166,131300,,2004.0
2018-01-26,12.979999542236328,12.979999542236328,12.920000076293945,12.920000076293945,11.213293075561523,96200,,2004.0
2018-01-29,12.9399995803833,12.979999542236328,12.890000343322754,12.970000267028809,11.256688117980957,206100,,2004.0
2018-01-30,12.9399995803833,12.960000038146973,12.850000381469727,12.899999618530273,11.195935249328613,121400,,2004.0
2018-01-31,12.920000076293945,12.970000267028809,12.869999885559082,12.890000343322754,11.187255859375,96400,,2004.0
2018-02-01,12.880000114440918,12.90999984741211,12.829999923706055,12.869999885559082,11.22213363647461,132200,,2004.0
2018-02-02,12.869999885559082,12.899999618530273,12.829999923706055,12.880000114440918,11.230854034423828,102600,,2004.0
2018-02-05,12.880000114440918,12.890000343322754,12.800000190734863,12.800000190734863,11.161094665527344,63000,,2004.0
2018-02-06,12.789999961853027,12.850000381469727,12.779999732971191,12.789999961853027,11.15237808227539,122200,,2004.0
2018-02-07,12.829999923706055,12.880000114440918,12.8100004196167,12.829999923706055,11.187254905700684,85800,,2004.0
2018-02-08,12.829999923706055,12.880000114440918,12.800000190734863,12.800000190734863,11.161094665527344,168700,,2004.0
2018-02-09,12.8100004196167,12.880000114440918,12.720000267028809,12.770000457763672,11.134940147399902,287600,,2004.0
2018-02-12,12.800000190734863,12.899999618530273,12.800000190734863,12.899999618530273,11.248291015625,57100,,2004.0
2018-02-13,12.829999923706055,12.890000343322754,12.819999694824219,12.869999885559082,11.22213363647461,87800,,2004.0
2018-02-14,12.84000015258789,12.930000305175781,12.84000015258789,12.930000305175781,11.274452209472656,103300,,2004.0
2018-02-15,12.949999809265137,12.970000267028809,12.90999984741211,12.9399995803833,11.283169746398926,66700,,2004.0
2018-02-16,12.920000076293945,12.970000267028809,12.90999984741211,12.90999984741211,11.257010459899902,46100,,2004.0
2018-02-20,12.949999809265137,12.970000267028809,12.90999984741211,12.930000305175781,11.274452209472656,67700,,2004.0
2018-02-21,12.920000076293945,12.960000038146973,12.90999984741211,12.9399995803833,11.283169746398926,79200,,2004.0
2018-02-22,12.9399995803833,12.989999771118164,12.9399995803833,12.989999771118164,11.326769828796387,59200,,2004.0
2018-02-23,13.010000228881836,13.010000228881836,12.9399995803833,12.960000038146973,11.30061149597168,75300,,2004.0
2018-02-26,12.989999771118164,13.029999732971191,12.890000343322754,12.970000267028809,11.309328079223633,125600,,2004.0
2018-02-27,13.010000228881836,13.010000228881836,12.930000305175781,12.989999771118164,11.326769828796387,105400,,2004.0
2018-02-28,13.029999732971191,13.069999694824219,12.970000267028809,13.050000190734863,11.3790864944458,125600,,2004.0
2018-03-01,13.020000457763672,13.029999732971191,12.880000114440918,12.899999618530273,11.300246238708496,155100,,2004.0
2018-03-02,12.880000114440918,12.960000038146973,12.84000015258789,12.920000076293945,11.317768096923828,178900,,2004.0
2018-03-05,12.899999618530273,12.949999809265137,12.869999885559082,12.949999809265137,11.34404468536377,78700,,2004.0
2018-03-06,12.960000038146973,12.960000038146973,12.899999618530273,12.90999984741211,11.309009552001953,87000,,2004.0
2018-03-07,12.899999618530273,12.920000076293945,12.880000114440918,12.890000343322754,11.291489601135254,39400,,2004.0
2018-03-08,12.890000343322754,12.949999809265137,12.880000114440918,12.880000114440918,11.282729148864746,84500,,2004.0
2018-03-09,12.930000305175781,12.960000038146973,12.899999618530273,12.920000076293945,11.317768096923828,94100,,2004.0
2018-03-12,12.949999809265137,12.979999542236328,12.899999618530273,12.930000305175781,11.32652759552002,102700,,2004.0
2018-03-13,12.930000305175781,12.989999771118164,12.90999984741211,12.90999984741211,11.309009552001953,66900,,2004.0
2018-03-14,12.920000076293945,12.9399995803833,12.899999618530273,12.9399995803833,11.335287094116211,113700,,2004.0
2018-03-15,12.9399995803833,12.949999809265137,12.880000114440918,12.90999984741211,11.309009552001953,81500,,2004.0
2018-03-16,12.930000305175781,12.979999542236328,12.899999618530273,12.979999542236328,11.370326042175293,111200,,2004.0
2018-03-19,12.9399995803833,12.989999771118164,12.920000076293945,12.989999771118164,11.379085540771484,64000,,2004.0
2018-03-20,12.989999771118164,13.069999694824219,12.960000038146973,13.0600004196167,11.44040584564209,83800,,2004.0
2018-03-21,13.0600004196167,13.0600004196167,12.989999771118164,13.029999732971191,11.4141263961792,87400,,2004.0
2018-03-22,12.970000267028809,13.0600004196167,12.949999809265137,12.960000038146973,11.352808952331543,35400,,2004.0
2018-03-23,12.979999542236328,13.039999961853027,12.949999809265137,12.979999542236328,11.370326042175293,40900,,2004.0
2018-03-26,13.069999694824219,13.15999984741211,12.819999694824219,13.149999618530273,11.519247055053711,118600,,2004.0
2018-03-27,13.15999984741211,13.180000305175781,13.09000015258789,13.119999885559082,11.492962837219238,73100,,2004.0
2018-03-28,13.149999618530273,13.1899995803833,13.109999656677246,13.1899995803833,11.554286003112793,84900,,2004.0
2018-03-29,13.199999809265137,13.25,13.1899995803833,13.229999542236328,11.589323997497559,65400,,2004.0
2018-04-02,13.199999809265137,13.199999809265137,13.069999694824219,13.069999694824219,11.501326560974121,47800,,2004.0
2018-04-03,13.140000343322754,13.140000343322754,13.0600004196167,13.079999923706055,11.510125160217285,74400,,2004.0
2018-04-04,13.09000015258789,13.119999885559082,13.050000190734863,13.050000190734863,11.483724594116211,33900,,2004.0
2018-04-05,13.079999923706055,13.100000381469727,13.0,13.020000457763672,11.457329750061035,64600,,2004.0
2018-04-06,13.0,13.149999618530273,13.0,13.130000114440918,11.55412483215332,143300,,2004.0
2018-04-09,13.069999694824219,13.1899995803833,13.069999694824219,13.140000343322754,11.562926292419434,47500,,2004.0
2018-04-10,13.15999984741211,13.25,13.119999885559082,13.25,11.659721374511719,76000,,2004.0
2018-04-11,13.220000267028809,13.229999542236328,13.109999656677246,13.199999809265137,11.61572265625,105500,,2004.0
2018-04-12,13.220000267028809,13.25,13.180000305175781,13.239999771118164,11.650919914245605,53100,,2004.0
2018-04-13,13.25,13.289999961853027,13.239999771118164,13.289999961853027,11.694921493530273,67200,,2004.0
2018-04-16,13.350000381469727,13.350000381469727,13.239999771118164,13.34000015258789,11.738921165466309,50700,,2004.0
2018-04-17,13.3100004196167,13.369999885559082,13.300000190734863,13.350000381469727,11.747720718383789,54700,,2004.0
2018-04-18,13.420000076293945,13.420000076293945,13.300000190734863,13.350000381469727,11.747720718383789,92900,,2004.0
2018-04-19,13.329999923706055,13.359999656677246,13.279999732971191,13.289999961853027,11.694921493530273,75800,,2004.0
2018-04-20,13.25,13.300000190734863,13.1899995803833,13.199999809265137,11.61572265625,55600,,2004.0
2018-04-23,13.229999542236328,13.239999771118164,13.170000076293945,13.199999809265137,11.61572265625,51100,,2004.0
2018-04-24,13.199999809265137,13.220000267028809,13.130000114440918,13.170000076293945,11.589324951171875,70500,,2004.0
2018-04-25,13.140000343322754,13.199999809265137,13.130000114440918,13.140000343322754,11.562926292419434,74900,,2004.0
2018-04-26,13.239999771118164,13.34000015258789,13.180000305175781,13.270000457763672,11.677322387695312,108800,,2004.0
2018-04-27,13.350000381469727,13.359999656677246,13.149999618530273,13.149999618530273,11.571722984313965,106700,,2004.0
2018-04-30,13.149999618530273,13.289999961853027,13.149999618530273,13.289999961853027,11.694921493530273,70800,,2004.0
2018-05-01,13.260000228881836,13.319999694824219,13.229999542236328,13.319999694824219,11.774479866027832,55900,,2004.0
2018-05-02,13.380000114440918,13.380000114440918,13.1899995803833,13.220000267028809,11.686081886291504,62200,,2004.0
2018-05-03,13.199999809265137,13.279999732971191,13.15999984741211,13.15999984741211,11.633044242858887,52600,,2004.0
2018-05-04,13.15999984741211,13.180000305175781,13.079999923706055,13.149999618530273,11.624205589294434,99900,,2004.0
2018-05-07,13.140000343322754,13.15999984741211,13.09000015258789,13.109999656677246,11.588844299316406,63200,,2004.0
2018-05-08,13.09000015258789,13.170000076293945,13.069999694824219,13.15999984741211,11.633044242858887,48800,,2004.0
2018-05-09,13.149999618530273,13.170000076293945,13.050000190734863,13.0600004196167,11.544645309448242,49700,,2004.0
2018-05-10,13.069999694824219,13.100000381469727,13.0,13.079999923706055,11.562324523925781,61500,,2004.0
2018-05-11,13.100000381469727,13.109999656677246,13.039999961853027,13.069999694824219,11.553485870361328,47700,,2004.0
2018-05-14,13.09000015258789,13.180000305175781,13.0600004196167,13.079999923706055,11.562324523925781,87800,,2004.0
2018-05-15,13.109999656677246,13.109999656677246,13.0,13.079999923706055,11.562324523925781,63000,,2004.0
2018-05-16,13.100000381469727,13.100000381469727,13.0,13.029999732971191,11.51812744140625,107600,,2004.0
2018-05-17,13.050000190734863,13.050000190734863,12.970000267028809,12.989999771118164,11.482765197753906,73200,,2004.0
2018-05-18,13.0,13.0,12.949999809265137,12.970000267028809,11.465089797973633,52000,,2004.0
2018-05-21,12.960000038146973,13.0,12.960000038146973,12.979999542236328,11.473929405212402,172900,,2004.0
2018-05-22,13.020000457763672,13.020000457763672,12.960000038146973,12.989999771118164,11.482765197753906,101000,,2004.0
2018-05-23,12.989999771118164,13.029999732971191,12.960000038146973,12.989999771118164,11.482765197753906,52700,,2004.0
2018-05-24,12.989999771118164,13.0,12.949999809265137,12.949999809265137,11.447408676147461,26100,,2004.0
2018-05-25,12.979999542236328,13.010000228881836,12.960000038146973,12.989999771118164,11.482765197753906,44600,,2004.0
2018-05-29,12.970000267028809,13.010000228881836,12.920000076293945,12.979999542236328,11.473929405212402,42200,,2004.0
2018-05-30,12.970000267028809,13.050000190734863,12.970000267028809,13.0,11.491606712341309,71300,,2004.0
2018-05-31,13.020000457763672,13.050000190734863,12.979999542236328,12.989999771118164,11.482765197753906,59900,,2004.0
2018-06-01,12.920000076293945,12.979999542236328,12.920000076293945,12.920000076293945,11.47388744354248,25500,,2004.0
2018-06-04,12.930000305175781,12.9399995803833,12.920000076293945,12.930000305175781,11.482768058776855,51300,,2004.0
2018-06-05,12.930000305175781,12.930000305175781,12.859999656677246,12.90999984741211,11.465006828308105,88500,,2004.0
2018-06-06,12.90999984741211,12.920000076293945,12.869999885559082,12.90999984741211,11.465006828308105,84800,,2004.0
2018-06-07,12.90999984741211,12.930000305175781,12.850000381469727,12.859999656677246,11.420602798461914,78700,,2004.0
2018-06-08,12.869999885559082,12.899999618530273,12.829999923706055,12.850000381469727,11.411724090576172,31400,,2004.0
2018-06-11,12.890000343322754,12.890000343322754,12.850000381469727,12.890000343322754,11.447246551513672,109500,,2004.0
2018-06-12,12.899999618530273,12.9399995803833,12.819999694824219,12.890000343322754,11.447246551513672,57100,,2004.0
2018-06-13,12.880000114440918,12.899999618530273,12.8100004196167,12.850000381469727,11.411724090576172,43900,,2004.0
2018-06-14,12.84000015258789,12.970000267028809,12.84000015258789,12.869999885559082,11.429483413696289,74200,,2004.0
2018-06-15,12.930000305175781,12.949999809265137,12.850000381469727,12.859999656677246,11.420602798461914,45700,,2004.0
2018-06-18,12.869999885559082,12.880000114440918,12.8100004196167,12.829999923706055,11.393962860107422,45000,,2004.0
2018-06-19,12.819999694824219,12.859999656677246,12.75,12.859999656677246,11.420602798461914,123700,,2004.0
2018-06-20,12.9399995803833,12.9399995803833,12.859999656677246,12.920000076293945,11.47388744354248,66600,,2004.0
2018-06-21,12.899999618530273,12.949999809265137,12.829999923706055,12.829999923706055,11.393962860107422,55500,,2004.0
2018-06-22,12.90999984741211,12.9399995803833,12.880000114440918,12.899999618530273,11.45612621307373,48900,,2004.0
2018-06-25,12.869999885559082,12.869999885559082,12.770000457763672,12.800000190734863,11.367321014404297,46100,,2004.0
2018-06-26,12.800000190734863,12.850000381469727,12.779999732971191,12.850000381469727,11.411724090576172,55200,,2004.0
2018-06-27,12.829999923706055,12.890000343322754,12.8100004196167,12.8100004196167,11.376202583312988,63500,,2004.0
2018-06-28,12.819999694824219,12.869999885559082,12.770000457763672,12.819999694824219,11.38508129119873,28500,,2004.0
2018-06-29,12.829999923706055,12.859999656677246,12.789999961853027,12.850000381469727,11.411724090576172,79400,,2004.0
2018-07-02,12.779999732971191,12.800000190734863,12.40999984741211,12.579999923706055,11.22435474395752,321700,,2004.0
2018-07-03,12.579999923706055,12.680000305175781,12.5600004196167,12.65999984741211,11.295730590820312,143800,,2004.0
2018-07-05,12.680000305175781,12.680000305175781,12.609999656677246,12.649999618530273,11.286810874938965,67300,,2004.0
2018-07-06,12.65999984741211,12.729999542236328,12.640000343322754,12.729999542236328,11.358187675476074,56900,,2004.0
2018-07-09,12.739999771118164,12.739999771118164,12.670000076293945,12.6899995803833,11.322498321533203,113000,,2004.0
2018-07-10,12.699999809265137,12.760000228881836,12.680000305175781,12.760000228881836,11.384956359863281,72300,,2004.0
2018-07-11,12.779999732971191,12.8100004196167,12.739999771118164,12.8100004196167,11.429569244384766,73300,,2004.0
2018-07-12,12.84000015258789,12.84000015258789,12.760000228881836,12.8100004196167,11.429569244384766,56000,,2004.0
2018-07-13,12.779999732971191,12.8100004196167,12.720000267028809,12.720000267028809,11.349266052246094,66100,,2004.0
2018-07-16,12.760000228881836,12.779999732971191,12.729999542236328,12.770000457763672,11.393877029418945,55000,,2004.0
2018-07-17,12.789999961853027,12.829999923706055,12.729999542236328,12.800000190734863,11.420645713806152,85500,,2004.0
2018-07-18,12.819999694824219,12.850000381469727,12.770000457763672,12.770000457763672,11.393877029418945,54600,,2004.0
2018-07-19,12.760000228881836,12.789999961853027,12.710000038146973,12.779999732971191,11.402802467346191,64000,,2004.0
2018-07-20,12.739999771118164,12.770000457763672,12.680000305175781,12.699999809265137,11.331421852111816,43500,,2004.0
2018-07-23,12.6899995803833,12.729999542236328,12.680000305175781,12.680000305175781,11.313577651977539,33100,,2004.0
2018-07-24,12.680000305175781,12.859999656677246,12.680000305175781,12.819999694824219,11.43848991394043,71900,,2004.0
2018-07-25,12.819999694824219,12.899999618530273,12.760000228881836,12.899999618530273,11.509867668151855,75800,,2004.0
2018-07-26,12.800000190734863,12.890000343322754,12.800000190734863,12.890000343322754,11.500946998596191,62100,,2004.0
2018-07-27,12.899999618530273,12.960000038146973,12.880000114440918,12.90999984741211,11.518793106079102,40800,,2004.0
2018-07-30,12.880000114440918,12.9399995803833,12.8100004196167,12.819999694824219,11.43848991394043,31600,,2004.0
2018-07-31,12.8100004196167,12.84000015258789,12.680000305175781,12.680000305175781,11.313577651977539,126400,,2004.0
2018-08-01,12.680000305175781,12.680000305175781,12.609999656677246,12.619999885559082,11.313575744628906,53800,,2004.0
2018-08-02,12.59000015258789,12.729999542236328,12.59000015258789,12.699999809265137,11.385294914245605,51600,,2004.0
2018-08-03,12.739999771118164,12.779999732971191,12.720000267028809,12.760000228881836,11.439083099365234,35200,,2004.0
2018-08-06,12.789999961853027,12.8100004196167,12.75,12.770000457763672,11.448049545288086,33100,,2004.0
2018-08-07,12.739999771118164,12.75,12.65999984741211,12.670000076293945,11.358400344848633,44100,,2004.0
2018-08-08,12.6899995803833,12.6899995803833,12.630000114440918,12.649999618530273,11.340472221374512,35000,,2004.0
2018-08-09,12.609999656677246,12.680000305175781,12.609999656677246,12.670000076293945,11.358400344848633,73700,,2004.0
2018-08-10,12.680000305175781,12.729999542236328,12.649999618530273,12.729999542236328,11.412188529968262,41600,,2004.0
2018-08-13,12.720000267028809,12.739999771118164,12.670000076293945,12.739999771118164,11.421154022216797,39200,,2004.0
2018-08-14,12.75,12.779999732971191,12.75,12.770000457763672,11.448049545288086,36700,,2004.0
2018-08-15,12.760000228881836,12.850000381469727,12.75,12.850000381469727,11.519766807556152,62900,,2004.0
2018-08-16,12.880000114440918,12.920000076293945,12.850000381469727,12.880000114440918,11.546660423278809,49600,,2004.0
2018-08-17,12.920000076293945,12.920000076293945,12.859999656677246,12.859999656677246,11.528730392456055,19800,,2004.0
2018-08-20,12.850000381469727,12.890000343322754,12.789999961853027,12.869999885559082,11.53769588470459,56400,,2004.0
2018-08-21,12.859999656677246,12.869999885559082,12.770000457763672,12.770000457763672,11.448049545288086,53000,,2004.0
2018-08-22,12.760000228881836,12.789999961853027,12.739999771118164,12.770000457763672,11.448049545288086,54100,,2004.0
2018-08-23,12.789999961853027,12.869999885559082,12.770000457763672,12.850000381469727,11.519766807556152,66600,,2004.0
2018-08-24,12.859999656677246,12.899999618530273,12.829999923706055,12.890000343322754,11.55562686920166,35000,,2004.0
2018-08-27,12.869999885559082,12.890000343322754,12.800000190734863,12.829999923706055,11.501837730407715,54800,,2004.0
2018-08-28,12.859999656677246,12.859999656677246,12.770000457763672,12.770000457763672,11.448049545288086,37100,,2004.0
2018-08-29,12.760000228881836,12.829999923706055,12.739999771118164,12.789999961853027,11.465977668762207,105400,,2004.0
2018-08-30,12.779999732971191,12.800000190734863,12.760000228881836,12.760000228881836,11.439083099365234,32600,,2004.0
2018-08-31,12.789999961853027,12.789999961853027,12.739999771118164,12.75,11.4301176071167,28500,,2004.0
2018-09-04,12.729999542236328,12.729999542236328,12.640000343322754,12.640000343322754,11.38508415222168,66600,,2004.0
2018-09-05,12.630000114440918,12.699999809265137,12.619999885559082,12.65999984741211,11.403097152709961,100900,,2004.0
2018-09-06,12.6899995803833,12.739999771118164,12.640000343322754,12.670000076293945,11.412104606628418,64900,,2004.0
2018-09-07,12.6899995803833,12.6899995803833,12.630000114440918,12.670000076293945,11.412104606628418,41500,,2004.0
2018-09-10,12.649999618530273,12.699999809265137,12.609999656677246,12.649999618530273,11.394091606140137,128600,,2004.0
2018-09-11,12.6899995803833,12.699999809265137,12.630000114440918,12.670000076293945,11.412104606628418,92300,,2004.0
2018-09-12,12.65999984741211,12.720000267028809,12.649999618530273,12.699999809265137,11.439126014709473,104800,,2004.0
2018-09-13,12.720000267028809,12.720000267028809,12.65999984741211,12.699999809265137,11.439126014709473,46400,,2004.0
2018-09-14,12.699999809265137,12.699999809265137,12.630000114440918,12.670000076293945,11.412104606628418,39900,,2004.0
2018-09-17,12.680000305175781,12.6899995803833,12.649999618530273,12.649999618530273,11.394091606140137,53100,,2004.0
2018-09-18,12.640000343322754,12.670000076293945,12.630000114440918,12.670000076293945,11.412104606628418,72600,,2004.0
2018-09-19,12.680000305175781,12.710000038146973,12.649999618530273,12.65999984741211,11.403097152709961,68800,,2004.0
2018-09-20,12.6899995803833,12.6899995803833,12.640000343322754,12.670000076293945,11.412104606628418,50200,,2004.0
2018-09-21,12.6899995803833,12.6899995803833,12.619999885559082,12.630000114440918,11.376077651977539,77000,,2004.0
2018-09-24,12.630000114440918,12.670000076293945,12.630000114440918,12.649999618530273,11.394091606140137,31900,,2004.0
2018-09-25,12.65999984741211,12.65999984741211,12.619999885559082,12.65999984741211,11.403097152709961,41900,,2004.0
2018-09-26,12.65999984741211,12.6899995803833,12.630000114440918,12.649999618530273,11.394091606140137,126900,,2004.0
2018-09-27,12.670000076293945,12.729999542236328,12.670000076293945,12.729999542236328,11.466147422790527,49200,,2004.0
2018-09-28,12.729999542236328,12.729999542236328,12.65999984741211,12.720000267028809,11.457141876220703,100900,,2004.0
2018-10-01,12.6899995803833,12.6899995803833,12.630000114440918,12.65999984741211,11.457141876220703,34100,,2004.0
2018-10-02,12.670000076293945,12.670000076293945,12.609999656677246,12.609999656677246,11.41189193725586,56100,,2004.0
2018-10-03,12.640000343322754,12.65999984741211,12.609999656677246,12.619999885559082,11.420942306518555,29200,,2004.0
2018-10-04,12.640000343322754,12.640000343322754,12.569999694824219,12.59000015258789,11.393794059753418,24300,,2004.0
2018-10-05,12.609999656677246,12.609999656677246,12.380000114440918,12.399999618530273,11.221843719482422,101100,,2004.0
2018-10-08,12.449999809265137,12.470000267028809,12.390000343322754,12.449999809265137,11.267094612121582,60900,,2004.0
2018-10-09,12.430000305175781,12.470000267028809,12.3100004196167,12.350000381469727,11.176593780517578,225200,,2004.0
2018-10-10,12.350000381469727,12.369999885559082,12.149999618530273,12.229999542236328,11.06799602508545,223400,,2004.0
2018-10-11,12.239999771118164,12.300000190734863,12.15999984741211,12.210000038146973,11.049898147583008,91400,,2004.0
2018-10-12,12.229999542236328,12.260000228881836,12.170000076293945,12.180000305175781,11.022746086120605,70000,,2004.0
2018-10-15,12.229999542236328,12.260000228881836,12.1899995803833,12.220000267028809,11.058948516845703,64800,,2004.0
2018-10-16,12.220000267028809,12.350000381469727,12.210000038146973,12.270000457763672,11.104194641113281,251200,,2004.0
2018-10-17,12.329999923706055,12.34000015258789,12.220000267028809,12.34000015258789,11.1675443649292,96500,,2004.0
2018-10-18,12.300000190734863,12.300000190734863,12.210000038146973,12.25,11.086097717285156,85500,,2004.0
2018-10-19,12.239999771118164,12.3100004196167,12.239999771118164,12.279999732971191,11.113245010375977,77900,,2004.0
2018-10-22,12.260000228881836,12.279999732971191,12.210000038146973,12.210000038146973,11.049898147583008,59600,,2004.0
2018-10-23,12.220000267028809,12.270000457763672,12.100000381469727,12.270000457763672,11.104194641113281,66200,,2004.0
2018-10-24,12.220000267028809,12.25,12.109999656677246,12.119999885559082,10.968448638916016,87200,,2004.0
2018-10-25,12.109999656677246,12.220000267028809,12.079999923706055,12.149999618530273,10.995598793029785,126400,,2004.0
2018-10-26,12.170000076293945,12.170000076293945,12.09000015258789,12.100000381469727,10.950347900390625,64800,,2004.0
2018-10-29,12.199999809265137,12.199999809265137,12.100000381469727,12.100000381469727,10.950347900390625,77000,,2004.0
2018-10-30,12.100000381469727,12.100000381469727,12.020000457763672,12.069999694824219,10.923197746276855,82400,,2004.0
2018-10-31,12.069999694824219,12.100000381469727,12.0,12.039999961853027,10.896047592163086,147300,,2004.0
2018-11-01,11.989999771118164,12.069999694824219,11.979999542236328,12.020000457763672,10.932429313659668,57200,,2004.0
2018-11-02,12.069999694824219,12.069999694824219,12.0,12.010000228881836,10.923333168029785,81600,,2004.0
2018-11-05,12.020000457763672,12.09000015258789,11.989999771118164,12.0,10.914238929748535,144800,,2004.0
2018-11-06,12.0,12.039999961853027,11.989999771118164,12.0,10.914238929748535,94700,,2004.0
2018-11-07,12.020000457763672,12.109999656677246,12.010000228881836,12.079999923706055,10.987000465393066,68500,,2004.0
2018-11-08,12.100000381469727,12.130000114440918,12.050000190734863,12.100000381469727,11.005191802978516,125600,,2004.0
2018-11-09,12.079999923706055,12.100000381469727,12.039999961853027,12.079999923706055,10.987000465393066,106600,,2004.0
2018-11-12,12.130000114440918,12.130000114440918,12.039999961853027,12.100000381469727,11.005191802978516,53500,,2004.0
2018-11-13,12.140000343322754,12.260000228881836,12.069999694824219,12.260000228881836,11.150714874267578,176300,,2004.0
2018-11-14,12.1899995803833,12.25,12.15999984741211,12.25,11.141620635986328,37700,,2004.0
2018-11-15,12.239999771118164,12.329999923706055,12.199999809265137,12.329999923706055,11.214381217956543,133300,,2004.0
2018-11-16,12.300000190734863,12.300000190734863,12.130000114440918,12.15999984741211,11.059762954711914,123500,,2004.0
2018-11-19,12.130000114440918,12.130000114440918,11.9399995803833,12.029999732971191,10.941523551940918,89300,,2004.0
2018-11-20,11.930000305175781,12.010000228881836,11.880000114440918,11.890000343322754,10.814191818237305,143400,,2004.0
2018-11-21,11.890000343322754,11.9399995803833,11.829999923706055,11.869999885559082,10.796003341674805,82200,,2004.0
2018-11-23,11.890000343322754,11.920000076293945,11.84000015258789,11.859999656677246,10.786906242370605,40900,,2004.0
2018-11-26,11.890000343322754,11.949999809265137,11.869999885559082,11.930000305175781,10.85057258605957,136800,,2004.0
2018-11-27,11.960000038146973,11.960000038146973,11.850000381469727,11.899999618530273,10.823286056518555,111600,,2004.0
2018-11-28,11.880000114440918,11.90999984741211,11.829999923706055,11.859999656677246,10.786906242370605,320700,,2004.0
2018-11-29,11.859999656677246,11.890000343322754,11.829999923706055,11.869999885559082,10.796003341674805,209100,,2004.0
2018-11-30,11.920000076293945,11.920000076293945,11.800000190734863,11.850000381469727,10.777810096740723,237500,,2004.0
2018-12-03,11.850000381469727,11.899999618530273,11.850000381469727,11.869999885559082,10.850944519042969,148300,,2004.0
2018-12-04,11.899999618530273,11.899999618530273,11.84000015258789,11.899999618530273,10.87836742401123,269100,,2004.0
2018-12-06,11.720000267028809,11.819999694824219,11.720000267028809,11.819999694824219,10.805234909057617,213600,,2004.0
2018-12-07,11.760000228881836,11.819999694824219,11.729999542236328,11.739999771118164,10.732104301452637,243900,,2004.0
2018-12-10,11.739999771118164,11.779999732971191,11.710000038146973,11.760000228881836,10.750387191772461,195400,,2004.0
2018-12-11,11.760000228881836,11.779999732971191,11.720000267028809,11.720000267028809,10.713822364807129,169000,,2004.0
2018-12-12,11.729999542236328,11.800000190734863,11.670000076293945,11.739999771118164,10.732104301452637,269900,,2004.0
2018-12-13,11.729999542236328,11.739999771118164,11.619999885559082,11.65999984741211,10.658971786499023,234100,,2004.0
2018-12-14,11.619999885559082,11.649999618530273,11.479999542236328,11.520000457763672,10.530990600585938,446700,,2004.0
2018-12-17,11.5600004196167,11.579999923706055,11.140000343322754,11.40999984741211,10.430434226989746,325400,,2004.0
2018-12-18,11.470000267028809,11.470000267028809,11.300000190734863,11.34000015258789,10.366442680358887,229100,,2004.0
2018-12-19,11.329999923706055,11.380000114440918,11.180000305175781,11.220000267028809,10.25674819946289,329700,,2004.0
2018-12-20,11.289999961853027,11.289999961853027,10.869999885559082,10.970000267028809,10.02820873260498,286800,,2004.0
2018-12-21,10.850000381469727,11.0600004196167,10.850000381469727,10.960000038146973,10.019065856933594,148500,,2004.0
2018-12-24,10.90999984741211,11.010000228881836,10.90999984741211,10.989999771118164,10.046492576599121,89600,,2004.0
2018-12-26,10.989999771118164,11.130000114440918,10.989999771118164,11.109999656677246,10.156188011169434,141400,,2004.0
2018-12-27,11.050000190734863,11.149999618530273,11.050000190734863,11.100000381469727,10.147048950195312,170800,,2004.0
2018-12-28,11.100000381469727,11.399999618530273,11.09000015258789,11.1899995803833,10.229321479797363,427200,,2004.0
2018-12-31,11.3100004196167,11.329999923706055,11.199999809265137,11.199999809265137,10.238465309143066,276600,,2004.0
2019-01-02,11.100000381469727,11.350000381469727,11.100000381469727,11.350000381469727,10.431468963623047,54600,,2004.0
2019-01-03,11.289999961853027,11.350000381469727,11.289999961853027,11.34000015258789,10.42227840423584,114900,,2004.0
2019-01-04,11.359999656677246,11.579999923706055,11.359999656677246,11.550000190734863,10.615283966064453,77700,,2004.0
2019-01-07,11.5600004196167,11.789999961853027,11.5600004196167,11.760000228881836,10.80828857421875,87800,,2004.0
2019-01-08,11.819999694824219,11.890000343322754,11.789999961853027,11.859999656677246,10.900193214416504,106700,,2004.0
2019-01-09,11.84000015258789,11.880000114440918,11.779999732971191,11.800000190734863,10.845051765441895,129700,,2004.0
2019-01-10,11.789999961853027,11.829999923706055,11.760000228881836,11.789999961853027,10.835861206054688,168300,,2004.0
2019-01-11,11.739999771118164,11.760000228881836,11.680000305175781,11.699999809265137,10.753144264221191,69600,,2004.0
2019-01-14,11.65999984741211,11.710000038146973,11.65999984741211,11.6899995803833,10.743951797485352,112700,,2004.0
2019-01-15,11.699999809265137,11.760000228881836,11.699999809265137,11.760000228881836,10.80828857421875,54200,,2004.0
2019-01-16,11.779999732971191,11.8100004196167,11.680000305175781,11.739999771118164,10.789907455444336,144000,,2004.0
2019-01-17,11.6899995803833,11.75,11.600000381469727,11.75,10.799097061157227,202500,,2004.0
2019-01-18,11.75,11.8100004196167,11.699999809265137,11.710000038146973,10.762334823608398,352600,,2004.0
2019-01-22,11.699999809265137,11.760000228881836,11.65999984741211,11.699999809265137,10.753144264221191,160200,,2004.0
2019-01-23,11.729999542236328,11.739999771118164,11.6899995803833,11.739999771118164,10.789907455444336,209100,,2004.0
2019-01-24,11.739999771118164,11.739999771118164,11.6899995803833,11.699999809265137,10.753144264221191,91200,,2004.0
2019-01-25,11.729999542236328,11.760000228881836,11.699999809265137,11.739999771118164,10.789907455444336,86200,,2004.0
2019-01-28,11.710000038146973,11.75,11.670000076293945,11.710000038146973,10.762334823608398,63100,,2004.0
2019-01-29,11.699999809265137,11.770000457763672,11.680000305175781,11.729999542236328,10.780715942382812,46000,,2004.0
2019-01-30,11.779999732971191,11.800000190734863,11.739999771118164,11.800000190734863,10.845051765441895,75600,,2004.0
2019-01-31,11.819999694824219,11.850000381469727,11.800000190734863,11.819999694824219,10.863433837890625,63600,,2004.0
2019-02-01,11.760000228881836,11.84000015258789,11.760000228881836,11.770000457763672,10.872671127319336,76800,,2004.0
2019-02-04,11.779999732971191,11.779999732971191,11.739999771118164,11.760000228881836,10.863433837890625,50600,,2004.0
2019-02-05,11.760000228881836,11.779999732971191,11.75,11.770000457763672,10.872671127319336,142400,,2004.0
2019-02-06,11.760000228881836,11.84000015258789,11.760000228881836,11.84000015258789,10.937333106994629,105700,,2004.0
2019-02-07,11.800000190734863,11.819999694824219,11.720000267028809,11.729999542236328,10.835719108581543,46000,,2004.0
2019-02-08,11.699999809265137,11.739999771118164,11.670000076293945,11.6899995803833,10.798768043518066,59900,,2004.0
2019-02-11,11.699999809265137,11.75,11.699999809265137,11.729999542236328,10.835719108581543,31800,,2004.0
2019-02-12,11.739999771118164,11.819999694824219,11.739999771118164,11.789999961853027,10.891146659851074,64900,,2004.0
2019-02-13,11.779999732971191,11.84000015258789,11.779999732971191,11.84000015258789,10.937333106994629,64600,,2004.0
2019-02-14,11.84000015258789,11.920000076293945,11.84000015258789,11.920000076293945,11.011232376098633,53600,,2004.0
2019-02-15,11.979999542236328,11.989999771118164,11.930000305175781,11.960000038146973,11.048185348510742,70900,,2004.0
2019-02-19,11.970000267028809,11.979999542236328,11.960000038146973,11.979999542236328,11.066658020019531,31500,,2004.0
2019-02-20,11.949999809265137,12.010000228881836,11.949999809265137,11.970000267028809,11.057424545288086,54700,,2004.0
2019-02-21,11.960000038146973,12.010000228881836,11.9399995803833,12.010000228881836,11.094372749328613,36300,,2004.0
2019-02-22,12.039999961853027,12.329999923706055,11.989999771118164,12.329999923706055,11.389975547790527,195400,,2004.0
2019-02-25,12.3100004196167,12.359999656677246,12.199999809265137,12.359999656677246,11.41769027709961,79500,,2004.0
2019-02-26,12.34000015258789,12.359999656677246,12.180000305175781,12.3100004196167,11.371500968933105,104900,,2004.0
2019-02-27,12.289999961853027,12.289999961853027,12.199999809265137,12.199999809265137,11.26988697052002,45100,,2004.0
2019-02-28,12.25,12.270000457763672,12.180000305175781,12.270000457763672,11.334550857543945,73900,,2004.0
2019-03-01,12.220000267028809,12.220000267028809,12.170000076293945,12.1899995803833,11.315983772277832,22400,,2004.0
2019-03-04,12.180000305175781,12.1899995803833,12.079999923706055,12.109999656677246,11.241719245910645,39900,,2004.0
2019-03-05,12.109999656677246,12.130000114440918,12.069999694824219,12.069999694824219,11.204588890075684,43200,,2004.0
2019-03-06,12.079999923706055,12.09000015258789,12.029999732971191,12.069999694824219,11.204588890075684,34800,,2004.0
2019-03-07,12.050000190734863,12.100000381469727,12.020000457763672,12.079999923706055,11.213871955871582,63700,,2004.0
2019-03-08,12.069999694824219,12.079999923706055,11.930000305175781,12.0,11.139608383178711,120400,,2004.0
2019-03-11,11.979999542236328,12.050000190734863,11.979999542236328,12.020000457763672,11.158173561096191,282500,,2004.0
2019-03-12,12.0600004196167,12.0600004196167,12.0,12.0,11.139608383178711,46700,,2004.0
2019-03-13,11.979999542236328,12.050000190734863,11.899999618530273,11.989999771118164,11.13032341003418,113600,,2004.0
2019-03-14,12.0,12.0,11.960000038146973,11.979999542236328,11.121042251586914,71400,,2004.0
2019-03-15,11.989999771118164,12.0,11.9399995803833,11.979999542236328,11.121042251586914,124500,,2004.0
2019-03-18,12.0,12.020000457763672,11.960000038146973,11.970000267028809,11.111759185791016,88900,,2004.0
2019-03-19,11.989999771118164,12.010000228881836,11.949999809265137,11.970000267028809,11.111759185791016,46600,,2004.0
2019-03-20,11.979999542236328,12.020000457763672,11.960000038146973,12.0,11.139608383178711,70400,,2004.0
2019-03-21,11.989999771118164,11.989999771118164,11.859999656677246,11.869999885559082,11.018930435180664,79300,,2004.0
2019-03-22,11.850000381469727,11.890000343322754,11.75,11.770000457763672,10.926098823547363,108500,,2004.0
2019-03-25,11.760000228881836,11.789999961853027,11.75,11.789999961853027,10.944665908813477,101000,,2004.0
2019-03-26,11.800000190734863,11.829999923706055,11.729999542236328,11.779999732971191,10.935380935668945,117700,,2004.0
2019-03-27,11.760000228881836,11.8100004196167,11.710000038146973,11.75,10.90753173828125,45400,,2004.0
2019-03-28,11.75,11.789999961853027,11.75,11.779999732971191,10.935380935668945,93300,,2004.0
2019-03-29,11.789999961853027,11.819999694824219,11.779999732971191,11.819999694824219,10.972514152526855,110200,,2004.0
2019-04-01,11.770000457763672,11.880000114440918,11.770000457763672,11.869999885559082,11.077503204345703,69900,,2004.0
2019-04-02,11.859999656677246,11.960000038146973,11.859999656677246,11.960000038146973,11.161494255065918,68600,,2004.0
2019-04-03,11.970000267028809,12.0,11.949999809265137,12.0,11.198822975158691,77400,,2004.0
2019-04-04,11.989999771118164,12.020000457763672,11.960000038146973,11.989999771118164,11.18949031829834,76000,,2004.0
2019-04-05,11.979999542236328,12.020000457763672,11.960000038146973,11.960000038146973,11.161494255065918,90400,,2004.0
2019-04-08,11.960000038146973,12.020000457763672,11.9399995803833,12.020000457763672,11.217486381530762,68300,,2004.0
2019-04-09,11.970000267028809,12.0,11.930000305175781,11.9399995803833,11.142828941345215,48100,,2004.0
2019-04-10,11.960000038146973,12.050000190734863,11.949999809265137,12.050000190734863,11.245484352111816,47600,,2004.0
2019-04-11,12.069999694824219,12.119999885559082,12.010000228881836,12.09000015258789,11.282814979553223,64400,,2004.0
2019-04-12,12.100000381469727,12.119999885559082,12.069999694824219,12.100000381469727,11.292146682739258,41700,,2004.0
2019-04-15,12.100000381469727,12.119999885559082,12.079999923706055,12.100000381469727,11.292146682739258,41700,,2004.0
2019-04-16,12.149999618530273,12.1899995803833,12.119999885559082,12.15999984741211,11.348140716552734,67100,,2004.0
2019-04-17,12.119999885559082,12.149999618530273,12.069999694824219,12.109999656677246,11.301480293273926,69900,,2004.0
2019-04-18,12.130000114440918,12.149999618530273,12.119999885559082,12.140000343322754,11.329475402832031,60000,,2004.0
2019-04-22,12.100000381469727,12.15999984741211,12.050000190734863,12.050000190734863,11.245484352111816,55400,,2004.0
2019-04-23,12.100000381469727,12.100000381469727,12.050000190734863,12.100000381469727,11.292146682739258,89600,,2004.0
2019-04-24,12.149999618530273,12.170000076293945,12.050000190734863,12.100000381469727,11.292146682739258,54600,,2004.0
2019-04-25,12.130000114440918,12.140000343322754,12.100000381469727,12.119999885559082,11.310811996459961,68700,,2004.0
2019-04-26,12.119999885559082,12.149999618530273,12.100000381469727,12.130000114440918,11.320143699645996,19300,,2004.0
2019-04-29,12.140000343322754,12.170000076293945,12.0600004196167,12.140000343322754,11.329475402832031,38600,,2004.0
2019-04-30,12.170000076293945,12.170000076293945,12.0600004196167,12.130000114440918,11.320143699645996,63900,,2004.0
2019-05-01,12.0600004196167,12.109999656677246,12.020000457763672,12.100000381469727,11.350632667541504,62600,,2004.0
2019-05-02,12.100000381469727,12.140000343322754,12.100000381469727,12.109999656677246,11.360013008117676,50900,,2004.0
2019-05-03,12.119999885559082,12.170000076293945,12.119999885559082,12.149999618530273,11.397534370422363,59100,,2004.0
2019-05-06,12.069999694824219,12.140000343322754,12.069999694824219,12.119999885559082,11.369391441345215,38000,,2004.0
2019-05-07,12.100000381469727,12.109999656677246,12.069999694824219,12.079999923706055,11.331870079040527,64900,,2004.0
2019-05-08,12.0600004196167,12.109999656677246,12.0600004196167,12.079999923706055,11.331870079040527,65100,,2004.0
2019-05-09,12.0600004196167,12.069999694824219,12.029999732971191,12.039999961853027,11.294346809387207,52100,,2004.0
2019-05-10,12.050000190734863,12.100000381469727,12.039999961853027,12.100000381469727,11.350632667541504,65600,,2004.0
2019-05-13,12.0600004196167,12.0600004196167,12.020000457763672,12.039999961853027,11.294346809387207,120700,,2004.0
2019-05-14,12.0600004196167,12.09000015258789,12.050000190734863,12.09000015258789,11.341252326965332,44000,,2004.0
2019-05-15,12.09000015258789,12.170000076293945,12.09000015258789,12.149999618530273,11.397534370422363,282700,,2004.0
2019-05-16,12.1899995803833,12.1899995803833,12.109999656677246,12.180000305175781,11.425676345825195,42300,,2004.0
2019-05-17,12.15999984741211,12.15999984741211,12.039999961853027,12.069999694824219,11.322488784790039,33900,,2004.0
2019-05-20,12.029999732971191,12.0600004196167,12.0,12.020000457763672,11.27558708190918,65300,,2004.0
2019-05-21,12.050000190734863,12.100000381469727,12.039999961853027,12.09000015258789,11.341252326965332,74300,,2004.0
2019-05-22,12.069999694824219,12.119999885559082,12.0600004196167,12.0600004196167,11.313109397888184,35300,,2004.0
2019-05-23,12.039999961853027,12.050000190734863,12.0,12.020000457763672,11.27558708190918,66000,,2004.0
2019-05-24,12.09000015258789,12.09000015258789,12.020000457763672,12.039999961853027,11.294346809387207,48300,,2004.0
2019-05-28,12.039999961853027,12.09000015258789,12.039999961853027,12.069999694824219,11.322488784790039,39100,,2004.0
2019-05-29,12.050000190734863,12.100000381469727,12.020000457763672,12.029999732971191,11.284966468811035,74200,,2004.0
2019-05-30,12.039999961853027,12.100000381469727,12.010000228881836,12.100000381469727,11.350632667541504,176100,,2004.0
2019-05-31,12.0600004196167,12.069999694824219,11.979999542236328,11.979999542236328,11.238062858581543,225700,,2004.0
2019-06-03,11.920000076293945,11.920000076293945,11.8100004196167,11.850000381469727,11.174410820007324,45000,,2004.0
2019-06-04,11.859999656677246,11.920000076293945,11.84000015258789,11.899999618530273,11.221559524536133,61200,,2004.0
2019-06-05,11.9399995803833,11.960000038146973,11.899999618530273,11.899999618530273,11.221559524536133,40800,,2004.0
2019-06-06,11.979999542236328,11.979999542236328,11.899999618530273,11.9399995803833,11.259278297424316,53200,,2004.0
2019-06-07,11.9399995803833,12.0,11.9399995803833,11.960000038146973,11.278139114379883,39700,,2004.0
2019-06-10,11.960000038146973,11.979999542236328,11.90999984741211,11.960000038146973,11.278139114379883,35600,,2004.0
2019-06-11,12.010000228881836,12.010000228881836,11.90999984741211,11.979999542236328,11.29699993133545,80600,,2004.0
2019-06-12,11.960000038146973,12.020000457763672,11.930000305175781,12.010000228881836,11.325289726257324,322500,,2004.0
2019-06-13,12.039999961853027,12.039999961853027,11.949999809265137,12.020000457763672,11.33471965789795,43200,,2004.0
2019-06-14,12.039999961853027,12.039999961853027,11.920000076293945,11.960000038146973,11.278139114379883,65600,,2004.0
2019-06-17,12.020000457763672,12.069999694824219,11.979999542236328,12.029999732971191,11.344147682189941,44200,,2004.0
2019-06-18,12.029999732971191,12.100000381469727,11.989999771118164,12.0,11.315858840942383,68600,,2004.0
2019-06-19,11.979999542236328,12.010000228881836,11.949999809265137,11.979999542236328,11.29699993133545,50900,,2004.0
2019-06-20,12.029999732971191,12.039999961853027,11.779999732971191,11.930000305175781,11.249850273132324,99900,,2004.0
2019-06-21,11.920000076293945,11.979999542236328,11.920000076293945,11.930000305175781,11.249850273132324,40700,,2004.0
2019-06-24,11.989999771118164,12.0,11.920000076293945,11.960000038146973,11.278139114379883,66300,,2004.0
2019-06-25,11.930000305175781,11.979999542236328,11.899999618530273,11.899999618530273,11.221559524536133,61100,,2004.0
2019-06-26,11.920000076293945,11.930000305175781,11.880000114440918,11.920000076293945,11.2404203414917,44500,,2004.0
2019-06-27,11.890000343322754,11.960000038146973,11.890000343322754,11.90999984741211,11.230990409851074,40600,,2004.0
2019-06-28,11.90999984741211,12.050000190734863,11.890000343322754,12.050000190734863,11.363007545471191,91100,,2004.0
2019-07-01,11.960000038146973,11.970000267028809,11.890000343322754,11.9399995803833,11.321523666381836,76700,,2004.0
2019-07-02,11.920000076293945,11.960000038146973,11.890000343322754,11.920000076293945,11.302559852600098,108200,,2004.0
2019-07-03,11.970000267028809,11.970000267028809,11.890000343322754,11.930000305175781,11.312044143676758,83000,,2004.0
2019-07-05,11.890000343322754,11.90999984741211,11.859999656677246,11.890000343322754,11.274115562438965,48700,,2004.0
2019-07-08,11.880000114440918,11.9399995803833,11.880000114440918,11.930000305175781,11.312044143676758,121000,,2004.0
2019-07-09,11.949999809265137,11.949999809265137,11.899999618530273,11.9399995803833,11.321523666381836,43100,,2004.0
2019-07-10,11.9399995803833,12.020000457763672,11.930000305175781,12.010000228881836,11.387899398803711,107500,,2004.0
2019-07-11,12.0600004196167,12.1899995803833,12.010000228881836,12.079999923706055,11.45427417755127,177600,,2004.0
2019-07-12,12.119999885559082,12.119999885559082,12.050000190734863,12.100000381469727,11.473237991333008,30700,,2004.0
2019-07-15,12.09000015258789,12.100000381469727,12.0600004196167,12.079999923706055,11.45427417755127,54000,,2004.0
2019-07-16,12.109999656677246,12.15999984741211,12.100000381469727,12.140000343322754,11.511165618896484,57400,,2004.0
2019-07-17,12.109999656677246,12.180000305175781,12.0600004196167,12.109999656677246,11.482720375061035,77200,,2004.0
2019-07-18,12.09000015258789,12.170000076293945,12.09000015258789,12.15999984741211,11.53012752532959,138000,,2004.0
2019-07-19,12.140000343322754,12.199999809265137,12.119999885559082,12.15999984741211,11.53012752532959,257600,,2004.0
2019-07-22,12.149999618530273,12.199999809265137,12.140000343322754,12.1899995803833,11.558574676513672,109100,,2004.0
2019-07-23,12.220000267028809,12.229999542236328,12.149999618530273,12.180000305175781,11.549092292785645,179900,,2004.0
2019-07-24,12.199999809265137,12.199999809265137,12.0600004196167,12.079999923706055,11.45427417755127,62500,,2004.0
2019-07-25,12.100000381469727,12.119999885559082,11.979999542236328,12.010000228881836,11.387899398803711,87600,,2004.0
2019-07-26,12.029999732971191,12.069999694824219,11.989999771118164,12.050000190734863,11.425827980041504,38000,,2004.0
2019-07-29,12.079999923706055,12.079999923706055,12.039999961853027,12.0600004196167,11.435309410095215,55300,,2004.0
2019-07-30,12.069999694824219,12.079999923706055,12.020000457763672,12.069999694824219,11.44478988647461,41900,,2004.0
2019-07-31,12.0600004196167,12.15999984741211,12.050000190734863,12.119999885559082,11.492199897766113,67700,,2004.0
2019-08-01,12.109999656677246,12.109999656677246,12.010000228881836,12.050000190734863,11.495540618896484,39200,,2004.0
2019-08-02,12.010000228881836,12.020000457763672,11.960000038146973,12.010000228881836,11.457381248474121,38700,,2004.0
2019-08-05,12.010000228881836,12.010000228881836,11.859999656677246,11.90999984741211,11.361981391906738,33600,,2004.0
2019-08-06,11.989999771118164,12.0,11.880000114440918,11.930000305175781,11.381062507629395,71900,,2004.0
2019-08-07,11.949999809265137,11.949999809265137,11.850000381469727,11.880000114440918,11.333361625671387,67800,,2004.0
2019-08-08,11.880000114440918,11.949999809265137,11.859999656677246,11.90999984741211,11.361981391906738,73900,,2004.0
2019-08-09,11.890000343322754,11.9399995803833,11.84000015258789,11.859999656677246,11.314282417297363,34500,,2004.0
2019-08-12,11.890000343322754,11.890000343322754,11.710000038146973,11.770000457763672,11.228425025939941,81500,,2004.0
2019-08-13,11.779999732971191,11.84000015258789,11.760000228881836,11.770000457763672,11.228425025939941,64300,,2004.0
2019-08-14,11.75,11.75,11.640000343322754,11.6899995803833,11.152106285095215,76600,,2004.0
2019-08-15,11.770000457763672,11.770000457763672,11.619999885559082,11.630000114440918,11.094866752624512,64900,,2004.0
2019-08-16,11.6899995803833,11.720000267028809,11.640000343322754,11.699999809265137,11.161643981933594,49600,,2004.0
2019-08-19,11.720000267028809,11.819999694824219,11.619999885559082,11.75,11.209344863891602,123700,,2004.0
2019-08-20,11.800000190734863,11.8100004196167,11.75,11.770000457763672,11.228425025939941,67400,,2004.0
2019-08-21,11.789999961853027,11.819999694824219,11.789999961853027,11.789999961853027,11.247503280639648,27600,,2004.0
2019-08-22,11.770000457763672,11.829999923706055,11.770000457763672,11.789999961853027,11.247503280639648,67000,,2004.0
2019-08-23,11.8100004196167,11.8100004196167,11.729999542236328,11.760000228881836,11.21888542175293,45900,,2004.0
2019-08-26,11.800000190734863,11.819999694824219,11.710000038146973,11.720000267028809,11.18072509765625,62600,,2004.0
2019-08-27,11.760000228881836,11.770000457763672,11.65999984741211,11.710000038146973,11.171184539794922,52800,,2004.0
2019-08-28,11.6899995803833,11.789999961853027,11.680000305175781,11.710000038146973,11.171184539794922,45800,,2004.0
2019-08-29,11.680000305175781,11.729999542236328,11.680000305175781,11.710000038146973,11.171184539794922,73500,,2004.0
2019-08-30,11.699999809265137,11.75,11.680000305175781,11.720000267028809,11.18072509765625,33800,,2004.0
2019-09-03,11.680000305175781,11.680000305175781,11.569999694824219,11.65999984741211,11.193684577941895,93900,,2004.0
2019-09-04,11.670000076293945,11.720000267028809,11.670000076293945,11.6899995803833,11.222484588623047,82200,,2004.0
2019-09-05,11.6899995803833,11.75,11.670000076293945,11.699999809265137,11.232083320617676,100700,,2004.0
2019-09-06,11.699999809265137,11.699999809265137,11.640000343322754,11.6899995803833,11.222484588623047,92500,,2004.0
2019-09-09,11.680000305175781,11.739999771118164,11.680000305175781,11.720000267028809,11.251283645629883,125100,,2004.0
2019-09-10,11.739999771118164,11.760000228881836,11.680000305175781,11.729999542236328,11.260884284973145,82600,,2004.0
2019-09-11,11.739999771118164,11.789999961853027,11.739999771118164,11.760000228881836,11.289685249328613,44100,,2004.0
2019-09-12,11.779999732971191,11.84000015258789,11.760000228881836,11.829999923706055,11.356884956359863,51600,,2004.0
2019-09-13,11.84000015258789,11.890000343322754,11.84000015258789,11.859999656677246,11.385685920715332,48800,,2004.0
2019-09-16,11.84000015258789,11.890000343322754,11.84000015258789,11.850000381469727,11.376086235046387,63500,,2004.0
2019-09-17,11.859999656677246,11.880000114440918,11.850000381469727,11.859999656677246,11.385685920715332,45500,,2004.0
2019-09-18,11.880000114440918,11.890000343322754,11.84000015258789,11.859999656677246,11.385685920715332,37100,,2004.0
2019-09-19,11.869999885559082,11.890000343322754,11.850000381469727,11.880000114440918,11.404886245727539,69700,,2004.0
2019-09-20,11.920000076293945,11.949999809265137,11.890000343322754,11.930000305175781,11.452885627746582,81800,,2004.0
2019-09-23,11.9399995803833,12.020000457763672,11.9399995803833,11.949999809265137,11.472086906433105,214000,,2004.0
2019-09-24,11.979999542236328,12.029999732971191,11.960000038146973,12.010000228881836,11.52968692779541,60800,,2004.0
2019-09-25,12.0,12.029999732971191,11.979999542236328,12.0,11.520088195800781,102400,,2004.0
2019-09-26,11.979999542236328,12.039999961853027,11.979999542236328,12.029999732971191,11.548885345458984,97600,,2004.0
2019-09-27,12.0,12.0600004196167,12.0,12.010000228881836,11.52968692779541,63300,,2004.0
2019-09-30,12.020000457763672,12.050000190734863,11.989999771118164,12.0,11.520088195800781,47800,,2004.0
2019-10-01,11.90999984741211,11.989999771118164,11.90999984741211,11.960000038146973,11.56117057800293,85500,,2004.0
2019-10-02,11.880000114440918,11.960000038146973,11.869999885559082,11.9399995803833,11.54183578491211,98000,,2004.0
2019-10-03,11.920000076293945,11.949999809265137,11.869999885559082,11.920000076293945,11.522503852844238,51600,,2004.0
2019-10-04,11.9399995803833,11.949999809265137,11.869999885559082,11.890000343322754,11.49350357055664,65800,,2004.0
2019-10-07,11.850000381469727,11.869999885559082,11.829999923706055,11.869999885559082,11.474170684814453,64200,,2004.0
2019-10-08,11.829999923706055,11.859999656677246,11.8100004196167,11.84000015258789,11.445171356201172,90700,,2004.0
2019-10-09,11.84000015258789,11.859999656677246,11.720000267028809,11.760000228881836,11.367838859558105,147200,,2004.0
2019-10-10,11.779999732971191,11.779999732971191,11.640000343322754,11.770000457763672,11.3775053024292,86200,,2004.0
2019-10-11,11.789999961853027,11.829999923706055,11.770000457763672,11.789999961853027,11.396839141845703,95900,,2004.0
2019-10-14,11.800000190734863,11.84000015258789,11.779999732971191,11.829999923706055,11.435504913330078,53700,,2004.0
2019-10-15,11.850000381469727,11.890000343322754,11.829999923706055,11.890000343322754,11.49350357055664,69400,,2004.0
2019-10-16,11.890000343322754,11.989999771118164,11.890000343322754,11.920000076293945,11.522503852844238,176800,,2004.0
2019-10-17,11.9399995803833,11.989999771118164,11.920000076293945,11.970000267028809,11.57083511352539,81400,,2004.0
2019-10-18,11.979999542236328,12.010000228881836,11.930000305175781,11.970000267028809,11.57083511352539,91100,,2004.0
2019-10-21,11.949999809265137,12.050000190734863,11.930000305175781,12.039999961853027,11.638501167297363,58400,,2004.0
2019-10-22,12.050000190734863,12.050000190734863,11.989999771118164,12.050000190734863,11.64816665649414,47900,,2004.0
2019-10-23,12.029999732971191,12.029999732971191,11.920000076293945,11.960000038146973,11.56117057800293,101300,,2004.0
2019-10-24,11.9399995803833,12.039999961853027,11.920000076293945,12.039999961853027,11.638501167297363,69000,,2004.0
2019-10-25,12.020000457763672,12.069999694824219,11.989999771118164,12.069999694824219,11.667500495910645,54700,,2004.0
2019-10-28,12.029999732971191,12.0600004196167,12.010000228881836,12.050000190734863,11.64816665649414,58400,,2004.0
2019-10-29,12.039999961853027,12.069999694824219,11.920000076293945,12.029999732971191,11.62883472442627,158900,,2004.0
2019-10-30,11.970000267028809,12.050000190734863,11.970000267028809,12.0,11.599836349487305,64300,,2004.0
2019-10-31,11.979999542236328,12.0,11.970000267028809,11.979999542236328,11.580501556396484,67200,,2004.0
2019-11-01,11.890000343322754,11.989999771118164,11.890000343322754,11.989999771118164,11.670537948608398,75100,,2004.0
2019-11-04,11.960000038146973,12.020000457763672,11.949999809265137,12.010000228881836,11.6900053024292,92900,,2004.0
2019-11-05,11.989999771118164,12.0,11.949999809265137,11.989999771118164,11.670537948608398,42400,,2004.0
2019-11-06,11.970000267028809,12.010000228881836,11.970000267028809,11.970000267028809,11.651071548461914,64800,,2004.0
2019-11-07,11.970000267028809,11.989999771118164,11.949999809265137,11.979999542236328,11.66080379486084,66400,,2004.0
2019-11-08,11.989999771118164,11.989999771118164,11.920000076293945,11.979999542236328,11.66080379486084,181000,,2004.0
2019-11-11,11.930000305175781,12.0,11.930000305175781,11.960000038146973,11.641337394714355,80900,,2004.0
2019-11-12,11.989999771118164,12.020000457763672,11.9399995803833,11.979999542236328,11.66080379486084,145700,,2004.0
2019-11-13,11.979999542236328,12.050000190734863,11.979999542236328,12.039999961853027,11.719204902648926,100300,,2004.0
2019-11-14,12.0,12.079999923706055,12.0,12.039999961853027,11.719204902648926,92300,,2004.0
2019-11-15,12.020000457763672,12.09000015258789,12.010000228881836,12.050000190734863,11.728939056396484,103300,,2004.0
2019-11-18,12.079999923706055,12.09000015258789,12.050000190734863,12.069999694824219,11.748405456542969,87200,,2004.0
2019-11-19,12.079999923706055,12.100000381469727,12.069999694824219,12.079999923706055,11.758139610290527,60700,,2004.0
2019-11-20,12.0600004196167,12.079999923706055,12.050000190734863,12.050000190734863,11.728939056396484,24300,,2004.0
2019-11-21,12.069999694824219,12.069999694824219,12.0,12.0,11.68027114868164,50400,,2004.0
2019-11-22,12.020000457763672,12.079999923706055,12.010000228881836,12.079999923706055,11.758139610290527,44300,,2004.0
2019-11-25,12.079999923706055,12.09000015258789,12.0,12.09000015258789,11.767873764038086,99500,,2004.0
2019-11-26,12.050000190734863,12.140000343322754,12.050000190734863,12.140000343322754,11.81654167175293,83300,,2004.0
2019-11-27,12.100000381469727,12.170000076293945,12.100000381469727,12.170000076293945,11.845741271972656,75700,,2004.0
2019-11-29,12.149999618530273,12.15999984741211,12.100000381469727,12.15999984741211,11.836008071899414,22400,,2004.0
2019-12-02,12.079999923706055,12.140000343322754,12.079999923706055,12.109999656677246,11.86785888671875,97100,,2004.0
2019-12-03,12.09000015258789,12.100000381469727,11.930000305175781,12.100000381469727,11.85805892944336,92400,,2004.0
2019-12-04,12.0600004196167,12.210000038146973,12.0600004196167,12.1899995803833,11.946258544921875,85300,,2004.0
2019-12-05,12.180000305175781,12.260000228881836,12.0600004196167,12.25,12.005059242248535,135000,,2004.0
2019-12-06,12.220000267028809,12.300000190734863,12.220000267028809,12.300000190734863,12.054059982299805,99000,,2004.0
2019-12-09,12.260000228881836,12.319999694824219,12.109999656677246,12.15999984741211,11.916858673095703,187300,,2004.0
2019-12-10,12.15999984741211,12.15999984741211,12.079999923706055,12.140000343322754,11.897259712219238,113000,,2004.0
2019-12-11,12.15999984741211,12.25,12.130000114440918,12.229999542236328,11.985459327697754,140800,,2004.0
2019-12-12,12.229999542236328,12.289999961853027,12.199999809265137,12.220000267028809,11.97566032409668,84700,,2004.0
2019-12-13,12.15999984741211,12.210000038146973,12.109999656677246,12.1899995803833,11.946258544921875,130800,,2004.0
2019-12-16,12.210000038146973,12.260000228881836,12.15999984741211,12.210000038146973,11.965858459472656,157200,,2004.0
2019-12-17,12.210000038146973,12.300000190734863,12.210000038146973,12.279999732971191,12.034459114074707,101300,,2004.0
2019-12-18,12.300000190734863,12.359999656677246,12.270000457763672,12.359999656677246,12.112859725952148,79800,,2004.0
2019-12-19,12.390000343322754,12.489999771118164,12.350000381469727,12.470000267028809,12.220660209655762,109900,,2004.0
2019-12-20,12.470000267028809,12.470000267028809,12.40999984741211,12.470000267028809,12.220660209655762,149600,,2004.0
2019-12-23,12.399999618530273,12.470000267028809,12.350000381469727,12.430000305175781,12.1814603805542,99100,,2004.0
2019-12-24,12.399999618530273,12.4399995803833,12.399999618530273,12.4399995803833,12.191259384155273,57700,,2004.0
2019-12-26,12.40999984741211,12.470000267028809,12.359999656677246,12.369999885559082,12.122660636901855,65200,,2004.0
2019-12-27,12.430000305175781,12.550000190734863,12.430000305175781,12.470000267028809,12.220660209655762,101400,,2004.0
2019-12-30,12.470000267028809,12.520000457763672,12.470000267028809,12.510000228881836,12.25986099243164,81500,,2004.0
2019-12-31,12.5,12.619999885559082,12.5,12.550000190734863,12.299060821533203,92200,,2004.0
