Date,DGII_Open_average,DGII_Open_max,DGII_Open_volatility,DGII_Open_change%,DGII_High_average,DGII_High_max,DGII_High_volatility,DGII_High_change%,DGII_Low_average,DGII_Low_max,DGII_Low_volatility,DGII_Low_change%,DGII_Close_average,DGII_Close_max,DGII_Close_volatility,DGII_Close_change%,DGII_Volume_average,DGII_Volume_max,DGII_Volume_volatility,DGII_Volume_change%
2016-01-03,10.946666666666667,11.23,0.39000000000000057,-3.472840605520931,11.118333333333334,11.25,0.27999999999999936,-2.488888888888883,10.741666666666667,10.84,0.16000000000000014,-0.1857010213556135,10.895,11.04,0.29999999999999893,0.4616805170821857,170351,312564,202876,-43.794995823875134
2016-01-10,10.6675,11.0,0.6899999999999995,-6.272727272727267,11.135,12.23,1.7599999999999998,-4.818181818181812,10.3725,10.61,0.629999999999999,-5.937794533458992,10.585,10.8,0.3500000000000014,-3.055555555555556,133834,178136,80841,71.58488894026084
2016-01-17,9.964,10.51,1.4000000000000004,-13.155386081982849,10.182,10.63,1.0700000000000003,-9.40733772342427,9.376,10.24,1.7599999999999998,-17.187499999999996,9.732,10.45,1.83,-17.195004803073974,449880,941563,816612,459.9056201308717
2016-01-24,8.908,9.11,0.4499999999999993,5.196304849884518,9.096,9.26,0.3200000000000003,2.094818081587646,8.714,8.9,0.47000000000000064,5.575326215895618,9.016,9.19,0.35999999999999943,1.7718715393134015,242646,302396,150060,-49.623672270797236
2016-01-31,8.816,9.07,0.6099999999999994,-6.72546857772877,8.914,9.19,0.5700000000000003,-6.202393906420025,8.53,8.72,0.46000000000000085,-4.6189376443418055,8.700000000000001,8.89,0.41000000000000014,-2.9748283752860387,116803,132376,23940,19.10207386747042
2016-02-07,8.254999999999999,8.39,0.28000000000000114,-3.3373063170441135,8.4,8.58,0.40000000000000036,-3.2710280373831906,8.015,8.28,0.5799999999999992,-6.211936662606585,8.1825,8.29,0.40999999999999925,-0.24125452352231092,97218,135424,79936,46.526774595267746
2016-02-14,8.524,8.61,0.28999999999999915,3.4855769230769127,8.698,8.77,0.16999999999999993,1.976744186046511,8.442,8.53,0.2599999999999998,2.5392986698911835,8.542,8.59,0.11999999999999922,0.35419126328216477,105584,178278,109617,54.49101796407186
2016-02-21,8.486666666666666,8.56,0.17999999999999972,0.4705882352941076,8.603333333333333,8.73,0.2400000000000002,1.8669778296382746,8.415,8.54,0.29999999999999893,1.1947431302270184,8.496666666666666,8.58,0.16999999999999993,0.23612750885477654,104269,161734,95030,-39.96871406136001
2016-02-28,8.642,8.72,0.14000000000000057,0.11655011655011406,8.786,8.85,0.16000000000000014,1.4959723820483406,8.586,8.63,0.14000000000000057,1.177856301531209,8.716,8.82,0.16999999999999993,1.4959723820483406,81074,113475,62013,-23.214805023132847
2016-03-06,8.722,8.85,0.25,-1.3714285714285626,8.83,8.96,0.23000000000000043,-1.9079685746352404,8.562,8.69,0.20999999999999908,-1.8518518518518534,8.684000000000001,8.82,0.2699999999999996,-2.0408163265306087,97386,155587,115573,-62.04793565581934
2016-03-13,8.645999999999999,9.0,0.6300000000000008,1.742160278745649,8.936,9.35,0.8499999999999996,8.594657375145184,8.504,8.76,0.4299999999999997,5.035971223021582,8.764,9.3,0.9400000000000013,11.244019138755997,138278,319007,259742,69.29694891201514
2016-03-20,8.9275,9.25,0.5199999999999996,-3.7837837837837798,9.045,9.25,0.34999999999999964,-3.7837837837837798,8.674999999999999,8.78,0.2599999999999998,-2.961275626423688,8.79,8.85,0.1899999999999995,-2.146892655367226,88215,120485,76441,-63.44441216748973
2016-03-27,8.932,9.38,0.8100000000000005,3.3838973162193597,9.156,9.45,0.48999999999999844,-0.3337041156840863,8.752,8.82,0.2699999999999996,2.690058479532148,8.986,9.43,0.6199999999999992,-1.5642458100558525,120489,258835,196343,-24.81482243529073
2016-04-03,8.674,8.77,0.20999999999999908,-0.11402508551881171,8.828,8.95,0.2599999999999998,-0.33519553072624986,8.546,8.66,0.2900000000000009,-1.385681293302552,8.692,8.87,0.40999999999999837,1.1402508551881374,137018,378779,330465,16.02222152078533
2016-04-10,9.012,9.21,0.3100000000000005,-0.44742729306486745,9.134,9.24,0.22000000000000064,0.8839779005524869,8.894,9.0,0.21000000000000085,0.45506257110353726,9.046,9.17,0.25,1.1111111111111072,83375,167856,136272,-48.754885139643505
2016-04-17,9.171999999999999,9.34,0.2400000000000002,2.5246981339187755,9.284,9.42,0.2400000000000002,2.0674646354733546,9.062,9.18,0.20999999999999908,1.7797552836484998,9.216000000000001,9.4,0.3100000000000005,1.320132013201331,82131,108379,61422,43.21187469386886
2016-04-24,9.57,10.57,1.3599999999999994,14.766558089033651,10.028,11.01,1.629999999999999,15.56503198294242,9.472,10.31,1.1600000000000001,12.677595628415302,9.832,10.78,1.5399999999999991,16.666666666666657,116295,223015,173357,181.74513673526926
2016-05-01,10.586,10.88,0.6000000000000014,2.159624413145544,10.838000000000001,11.04,0.3299999999999983,3.0812324929971826,10.338000000000001,10.6,0.3899999999999988,3.7181996086105578,10.634,11.01,0.7300000000000004,4.657794676806086,105438,169858,89127,3.92042709739753
2016-05-08,11.15,11.28,0.27999999999999936,0.727272727272728,11.302,11.4,0.2400000000000002,-2.1052631578947385,10.974,11.19,0.6600000000000001,-4.185623293903556,11.177999999999999,11.29,0.1999999999999993,-1.5057573073516382,74305,125773,78649,-62.532499026023075
2016-05-15,10.814,11.1,0.5199999999999996,-0.9909909909909859,11.008,11.12,0.3099999999999987,0.18018018018017634,10.53,10.76,0.4499999999999993,2.087286527514238,10.766,11.01,0.41999999999999993,1.8867924528301987,59724,88591,55741,-39.586230876216966
2016-05-22,11.1225,11.3,0.46000000000000085,2.7675276752767592,11.3875,11.62,0.3899999999999988,-0.17777777777777398,10.985,11.09,0.25,0.8302583025830246,11.155000000000001,11.21,0.120000000000001,-0.7162041181736801,58955,77020,47140,9.309499456107025
2016-05-29,11.192,11.41,0.46000000000000085,1.35256988277728,11.412,11.69,0.5399999999999991,3.0493273542600883,10.998,11.14,0.2900000000000009,0.921658986175112,11.306,11.58,0.5400000000000009,3.4420289855072537,73380,111306,55987,-50.30007367078145
2016-06-05,11.196,11.39,0.370000000000001,-3.1606672519754273,11.348,11.59,0.3699999999999992,-2.415875754961168,10.794,11.18,0.6699999999999999,-3.130590339892662,11.132,11.27,0.25,-2.0444444444444483,40437,52424,25914,27.060619276057565
2016-06-12,11.075999999999999,11.19,0.2400000000000002,-0.6352087114337595,11.208,11.35,0.20999999999999908,1.1586452762923263,10.751999999999999,10.95,0.5999999999999996,5.797101449275359,11.026,11.15,0.33999999999999986,0.26978417266188076,65158,140771,108222,110.37981407702523
2016-06-19,10.856,11.19,0.9000000000000004,-8.042895442359253,10.968,11.28,0.9599999999999991,-8.510638297872333,10.548,10.96,1.2700000000000014,-11.263736263736268,10.654,11.12,1.4099999999999984,-12.285456187895207,123877,296421,243723,206.1425481042924
2016-06-26,10.225000000000001,10.67,0.8699999999999992,8.877551020408154,10.4925,10.74,0.5400000000000009,4.8039215686274535,9.865,10.17,0.7099999999999991,4.307692307692307,10.3725,10.73,0.6799999999999997,3.184079601990035,78511,99648,40645,-40.78857578676943
2016-07-03,10.302,10.4,0.2599999999999998,0.38610038610039504,10.588000000000001,11.0,0.6999999999999993,0.8506616257088834,10.056,10.35,0.5600000000000005,2.4752475247524752,10.298,10.52,0.29999999999999893,2.935420743639911,58006,81144,36482,-16.564089681592666
2016-07-10,10.912,11.07,0.5,4.7303689687795645,11.022,11.09,0.20999999999999908,1.74632352941176,10.568,10.9,0.8800000000000008,2.594810379241515,10.926,11.03,0.21999999999999886,0.7400555041628128,65347,96801,54505,-29.660850611047408
2016-07-17,10.922,10.95,0.049999999999998934,0.1834862385321062,11.012,11.05,0.10000000000000142,-0.4524886877828118,10.834,10.88,0.11000000000000121,0.276497695852545,10.904,10.92,0.0600000000000005,0.5524861878453085,32530,44444,22566,-39.46487368916189
2016-07-24,11.276,11.95,1.0,1.5525114155251136,11.43,11.95,0.8699999999999992,2.075812274368235,10.89,11.11,0.379999999999999,2.2367194780987902,11.156,11.32,0.3200000000000003,-0.4524886877828118,67647,143473,115551,124.50397535993123
2016-07-31,11.208,11.6,0.6899999999999995,5.4545454545454515,11.434,11.77,0.7400000000000002,6.7089755213055335,11.052,11.57,0.8499999999999996,7.929104477611937,11.354000000000001,11.72,0.7599999999999998,6.934306569343063,56833,70347,26568,-37.76706895816453
2016-08-07,11.734,11.79,0.14999999999999858,-1.1045029736618437,11.834,11.89,0.08000000000000007,0.0,11.606,11.72,0.3800000000000008,-0.5128205128205019,11.738,11.81,0.16999999999999993,-0.3401360544217615,51517,62532,21955,-12.92106683111077
2016-08-14,11.852,12.37,0.7899999999999991,5.456095481670919,12.09,12.45,0.6099999999999994,5.063291139240503,11.661999999999999,12.01,0.75,2.649572649572654,11.952,12.33,0.6999999999999993,3.127641589180044,78912,139506,105734,229.53038019661258
2016-08-21,12.006,12.4,0.7400000000000002,-4.893964110929851,12.12,12.49,0.6799999999999997,-5.444355484387508,11.806,12.24,0.7000000000000011,-5.718954248366022,11.91,12.38,0.7200000000000006,-5.815831987075933,63888,106980,67716,-3.4357246501561693
2016-08-28,11.57,11.73,0.33000000000000007,-1.7979452054794443,11.7625,12.02,0.5299999999999994,1.7781541066892386,11.49,11.68,0.33999999999999986,-1.7979452054794443,11.6525,11.95,0.47999999999999865,1.9624573378839474,88487,113702,77667,166.2383793534064
2016-09-04,11.824,12.08,0.9199999999999999,-7.6158940397351,11.926,12.16,0.6699999999999999,-5.509868421052632,11.622,11.94,0.7799999999999994,-6.53266331658291,11.754,12.05,0.7600000000000016,-4.730290456431537,47185,58138,20100,-15.015996422305548
2016-09-11,11.39,11.72,0.5400000000000009,2.626970227670759,11.548,11.8,0.5700000000000003,2.697998259355966,11.22,11.46,0.4300000000000015,2.9649595687331542,11.376,11.7,0.5800000000000001,3.0548068283917327,87063,253494,228326,35.683123413275496
2016-09-18,11.552,11.87,0.7099999999999991,0.3457216940362934,11.76,12.02,0.5499999999999989,1.0344827586206982,11.308,11.55,0.5800000000000001,4.557885141294439,11.498,11.94,0.9000000000000004,3.9855072463768235,78252,120093,74601,-39.051446945337624
2016-09-25,11.51,11.66,0.35999999999999943,-1.4821272885789007,11.688,11.74,0.120000000000001,0.6024096385542194,11.378,11.55,0.25,-0.7029876977152906,11.564,11.69,0.28999999999999915,1.7406440382941626,92668,121226,54787,47.08379114676621
2016-10-02,11.638,11.69,0.16000000000000014,-1.2842465753424688,11.694,11.73,0.09999999999999964,-0.8525149190110797,11.484,11.57,0.17999999999999972,-1.3852813852813863,11.57,11.66,0.2599999999999998,-1.8087855297157545,58291,75598,27357,27.856985810205153
2016-10-09,10.996,11.38,0.6400000000000006,-4.569420035149396,11.114,11.48,0.5300000000000011,-4.616724738675968,10.824,11.07,0.4299999999999997,-2.710027100271009,10.866,11.08,0.41999999999999993,-2.256317689530686,90871,128699,54054,-5.359316360685668
2016-10-16,10.898,11.0,0.1999999999999993,-0.5474452554744571,11.056000000000001,11.28,0.379999999999999,2.5454545454545396,10.812,10.9,0.15000000000000036,1.3953488372093057,10.894,11.0,0.23000000000000043,2.1355617455896048,70107,111619,60602,41.394453580505306
2016-10-23,10.434,11.07,1.870000000000001,-16.892502258355925,10.562000000000001,11.07,1.4399999999999995,-13.008130081300807,10.096,10.84,1.8399999999999999,-16.897506925207757,10.219999999999999,10.95,1.799999999999999,-16.438356164383553,134400,302092,261906,393.6594834021799
2016-10-30,9.52,9.8,0.7000000000000011,7.692307692307705,9.8,10.05,0.3500000000000014,2.5510204081632653,9.3,9.75,0.6999999999999993,7.734806629834246,9.61,9.95,0.75,2.051282051282044,125757,197502,121927,-44.278032627517696
2016-11-06,11.18,13.85,3.799999999999999,37.81094527363183,11.53,13.85,3.5999999999999996,35.12195121951219,10.612,12.65,3.290000000000001,28.4263959390863,11.41,13.4,3.200000000000001,31.372549019607856,309641,955728,887935,1309.773870458602
2016-11-13,13.47,13.55,0.15000000000000036,0.7462686567164153,13.578000000000001,13.74,0.2400000000000002,-1.746724890829696,13.41,13.45,0.09999999999999964,0.37453183520599787,13.49,13.5,0.05000000000000071,0.0,303198,452837,317172,-55.500121364796335
2016-11-20,13.4625,13.5,0.09999999999999964,0.3717472118959161,13.6375,14.0,0.5,3.7037037037037037,13.45,13.5,0.09999999999999964,0.3717472118959161,13.6375,14.0,0.5,3.7037037037037037,145428,209877,116988,30.921918568746218
2016-11-27,13.69,14.0,0.6500000000000004,-1.7857142857142858,13.82,14.15,0.5500000000000007,-2.826855123674914,13.5,13.8,0.45000000000000107,-1.8115942028985506,13.56,13.8,0.40000000000000036,-1.086956521739133,127697,153808,61004,-38.04061903299462
2016-12-04,13.6,13.75,0.3000000000000007,-1.0909090909090935,13.746,13.8,0.15000000000000036,-0.36231884057971525,13.45,13.6,0.25,1.8726591760299627,13.59,13.65,0.20000000000000107,0.0,130900,248339,173206,-60.42788285367985
2016-12-11,13.68,13.8,0.20000000000000107,1.0989010989011014,13.84,14.1,0.40000000000000036,2.919708029197083,13.540000000000001,13.6,0.09999999999999964,0.3703703703703756,13.74,14.1,0.5,3.6764705882352944,261053,873274,803287,86.07598554017174
2016-12-18,13.95,14.0,0.09999999999999964,-0.7142857142857117,14.0125,14.1,0.15000000000000036,-1.0638297872340452,13.815,13.85,0.08999999999999986,0.36231884057970243,13.924999999999999,13.95,0.09999999999999964,0.0,69240,100706,61794,-61.36079280281215
2016-12-25,13.8875,13.95,0.09999999999999964,0.722021660649817,13.975,14.05,0.10000000000000142,-0.7117437722420029,13.8,13.85,0.09999999999999964,-0.722021660649817,13.8625,13.95,0.1999999999999993,-1.0791366906474846,60241,84870,40647,-30.337733530764627
2017-01-01,13.86,13.95,0.1999999999999993,-1.4336917562723963,13.91,13.95,0.1999999999999993,-1.4336917562723963,13.734,13.82,0.2699999999999996,-1.4545454545454495,13.84,13.95,0.25,-1.0830324909747318,95800,162457,106310,-45.45286739918199
2017-01-08,13.695,13.75,0.09999999999999964,-0.7272727272727247,13.7625,13.8,0.05000000000000071,0.0,13.6,13.65,0.09999999999999964,-0.73260073260073,13.6625,13.75,0.15000000000000036,-0.7299270072992675,98546,115002,37922,-11.440670597033096
2017-01-15,13.47,13.6,0.25,0.3690036900368925,13.55,13.65,0.15000000000000036,-0.3663003663003715,13.34,13.43,0.16000000000000014,0.5992509363295886,13.45,13.5,0.15000000000000036,1.1235955056179803,97190,106519,22202,26.331582006001163
2017-01-22,13.59,13.7,0.25,-0.7380073800738112,13.704,14.0,0.5,-1.603498542274057,13.37,13.55,0.7000000000000011,-5.166051660516613,13.43,13.65,0.8000000000000007,-5.860805860805866,133579,222651,151841,121.89434029957843
2017-01-29,12.780000000000001,13.05,0.6500000000000004,-4.615384615384612,12.996,13.4,0.8200000000000003,-6.119402985074629,12.596,12.95,0.5699999999999985,-4.2471042471042395,12.73,13.05,0.5500000000000007,-4.214559386973185,94521,123671,53866,-25.972036908274294
2017-02-05,12.469999999999999,12.85,0.6999999999999993,3.212851405622493,12.629999999999999,12.95,0.5,3.1872509960159245,12.298,12.6,0.5,2.2727272727272676,12.5,12.8,0.6500000000000004,2.4000000000000057,76192,93873,42748,-35.33474152869304
2017-02-12,12.850000000000001,13.05,0.40000000000000036,1.953125,13.0625,13.1,0.15000000000000036,1.158301158301161,12.675,12.75,0.1999999999999993,1.5936254980079623,12.9375,13.05,0.3500000000000014,2.755905511811035,62779,73317,24856,51.29072862714347
2017-02-19,12.86,13.15,0.40000000000000036,-2.6615969581749024,13.02,13.35,0.4499999999999993,-3.3707865168539275,12.655999999999999,12.85,0.34999999999999964,-1.167315175097279,12.83,12.95,0.25,-1.544401544401539,50445,65239,31588,-13.516454881282668
2017-02-26,12.57,12.75,0.5500000000000007,-1.5686274509803866,12.72,12.8,0.20000000000000107,-1.1764705882352968,12.306,12.53,0.379999999999999,1.2345679012345707,12.52,12.65,0.34999999999999964,0.8130081300812979,59170,77282,38798,1.2379318024025048
2017-03-05,12.49,12.6,0.1999999999999993,0.40160642570281696,12.76,12.95,0.34999999999999964,1.171874999999989,12.366,12.48,0.28000000000000114,2.2950819672131244,12.53,12.85,0.5,2.3904382470119434,70887,94068,54651,-6.66432793298465
2017-03-12,12.64,12.8,0.3000000000000007,-0.39062500000000555,12.790000000000001,12.9,0.34999999999999964,-0.3891050583657505,12.488,12.6,0.25,0.08006405124099109,12.63,12.8,0.3500000000000014,-0.39682539682538837,87048,218795,179411,6.962218159658745
2017-03-19,12.01,12.55,0.8000000000000007,-6.3745019920318775,12.184,12.7,0.7299999999999986,-4.7244094488188955,11.796,12.0,0.3200000000000003,-2.666666666666669,11.93,12.05,0.3000000000000007,0.0,103264,124093,38804,-29.14427082913621
2017-03-26,11.86,12.0,0.3000000000000007,0.0,12.0,12.15,0.3000000000000007,-1.2345679012345707,11.7,11.85,0.25,-1.6877637130801628,11.790000000000001,11.9,0.25,-1.6877637130801628,97714,152775,100451,31.89243627136822
2017-04-02,11.620000000000001,11.65,0.09999999999999964,-0.42918454935622924,11.878,12.03,0.27999999999999936,1.5189873417721496,11.55,11.6,0.15000000000000036,1.310043668122274,11.67,11.75,0.1999999999999993,1.7316017316017254,86674,101290,39980,-37.79297469510339
2017-04-09,11.875,12.05,0.3500000000000014,1.7094017094017186,12.05,12.15,0.25,-0.4115226337448618,11.75,11.8,0.10000000000000142,0.8547008547008669,11.9625,12.1,0.29999999999999893,0.41493775933609073,44108,48922,10196,-20.84133927476391
2017-04-16,12.2,12.3,0.20000000000000107,1.2396694214876063,12.31,12.4,0.15000000000000036,0.0,11.991999999999999,12.1,0.16999999999999993,0.16764459346185728,12.12,12.35,0.34999999999999964,-0.41493775933610544,63830,84636,43219,104.35087041552985
2017-04-23,12.33,12.45,0.25,2.0491803278688527,12.468,12.53,0.11999999999999922,0.23999999999999488,12.235999999999999,12.28,0.08000000000000007,0.6557377049180334,12.35,12.4,0.15000000000000036,-0.4032258064516186,73622,104411,58260,51.01606536605968
2017-04-30,11.76,12.3,1.8500000000000014,-15.040650406504076,11.838,12.5,2.01,-16.08,11.31,12.28,2.7799999999999994,-22.638436482084686,11.53,12.4,2.450000000000001,-19.75806451612904,111228,211915,180205,213.9527993007304
2017-05-07,10.0,10.3,0.40000000000000036,-3.398058252427198,10.110000000000001,10.3,0.25,-2.4271844660194173,9.91,9.95,0.09999999999999964,0.0,9.994,10.05,0.10000000000000142,0.8024072216649957,97805,125031,56304,-45.0320320560501
2017-05-14,9.69,10.05,0.75,-7.462686567164178,9.87,10.2,0.5999999999999996,-4.411764705882346,9.494,9.95,0.75,-7.5376884422110555,9.67,10.15,0.8499999999999996,-4.433497536945823,139177,217583,130067,-28.99360328808359
2017-05-21,9.6125,10.1,0.8499999999999996,-4.639175257731952,9.775,10.2,0.9499999999999993,-9.313725490196072,9.25,9.55,0.5,-5.2356020942408374,9.49,10.05,0.8000000000000007,-7.960199004975131,169959,238476,112529,-30.546470085040003
2017-05-28,9.549999999999999,9.95,0.6999999999999993,7.5675675675675595,9.72,9.95,0.6499999999999986,6.989247311827941,9.35,9.65,0.6500000000000004,6.043956043956052,9.620000000000001,9.9,0.6500000000000004,5.405405405405405,122333,178519,109146,-52.40666291626076
2017-06-04,9.86,10.0,0.3000000000000007,2.577319587628866,9.984,10.0,0.05000000000000071,0.3009027081243667,9.75,9.8,0.15000000000000036,1.5544041450777237,9.866,9.95,0.16999999999999993,-0.5076142131979587,67533,87736,32454,18.267350104539016
2017-06-11,9.69,9.8,0.20000000000000107,-1.0204081632653206,9.84,9.95,0.1999999999999993,-2.0100502512562746,9.576,9.7,0.1999999999999993,-1.7525773195876282,9.68,9.75,0.09999999999999964,-0.5128205128205201,74653,125659,74552,-41.79554927909255
2017-06-18,9.709999999999999,9.9,0.3000000000000007,2.5906735751295336,9.89,10.05,0.3000000000000007,1.0101010101010064,9.59,9.75,0.25,1.5625000000000038,9.75,9.95,0.3999999999999986,2.577319587628866,99471,239987,202014,116.54214206845786
2017-06-25,10.05,10.15,0.20000000000000107,2.0100502512562923,10.156,10.18,0.02999999999999936,0.0,9.872,9.95,0.14999999999999858,-0.5076142131979587,10.01,10.15,0.3000000000000007,0.5076142131979767,80285,113539,73582,-64.02571328249498
2017-07-02,9.95,10.0,0.09999999999999964,0.5050505050504943,10.1,10.1,0.0,0.0,9.8675,9.95,0.14999999999999858,1.0152284263959355,10.0,10.05,0.10000000000000142,0.0,80257,92585,28958,45.51212535558804
2017-07-09,10.06,10.15,0.15000000000000036,1.5000000000000036,10.14,10.18,0.08000000000000007,0.4950495049505021,9.898,10.0,0.33999999999999986,0.2014098690835808,10.076,10.15,0.120000000000001,-0.6930693069306959,84792,139321,91063,-49.45616783118323
2017-07-16,10.040000000000001,10.15,0.20000000000000107,0.5025125628140775,10.13,10.15,0.09999999999999964,0.9950248756218869,9.95,10.0,0.09999999999999964,0.0,10.07,10.15,0.15000000000000036,0.9999999999999964,56058,83309,40285,13.85970621048717
2017-07-23,10.05,10.15,0.25,-2.4630541871921183,10.242,10.65,0.5500000000000007,4.822834645669293,9.914,10.1,0.29999999999999893,-1.9801980198019733,10.1,10.45,0.5499999999999989,3.4653465346534618,127673,352144,309285,413.9812882226731
2017-07-30,9.91,10.45,1.049999999999999,-9.569377990430622,9.98,10.45,0.9499999999999993,-9.090909090909085,9.576,10.15,0.9500000000000011,-8.866995073891628,9.709999999999999,10.25,0.9000000000000004,-8.780487804878051,80867,112182,59855,-31.387923687143513
2017-08-06,9.2,9.3,0.20000000000000107,-2.1505376344086136,9.379999999999999,9.65,0.45000000000000107,-3.1088082901554475,9.1,9.25,0.3000000000000007,-2.1621621621621543,9.209999999999999,9.35,0.29999999999999893,-1.6042780748663141,68139,94703,47579,85.83509953039936
2017-08-13,8.89,9.25,0.6999999999999993,-7.5675675675675595,9.22,9.55,0.6500000000000004,-3.7433155080213867,8.74,8.95,0.4499999999999993,-4.469273743016744,8.85,9.05,0.45000000000000107,-2.209944751381227,111628,168962,98855,20.893776655683457
2017-08-20,9.02,9.25,0.4499999999999993,5.113636363636355,9.23,9.35,0.34999999999999964,3.333333333333341,8.914,9.05,0.25,1.7045454545454382,9.102,9.28,0.379999999999999,2.247191011235947,60614,73199,36930,26.66903220083385
2017-08-27,9.125,9.2,0.14999999999999858,1.1049723756906038,9.26,9.3,0.10000000000000142,-0.1075268817204469,9.1,9.15,0.09999999999999964,1.1049723756906038,9.1875,9.25,0.15000000000000036,0.543478260869573,42035,58841,32101,-32.99400078176782
2017-09-03,9.19,9.25,0.09999999999999964,0.5464480874316823,9.280000000000001,9.3,0.05000000000000071,0.5405405405405482,9.078000000000001,9.15,0.16000000000000014,0.6674082313681924,9.19,9.25,0.09999999999999964,-0.5434782608695536,33836,53721,34267,-37.65938832114071
2017-09-10,9.27,9.3,0.10000000000000142,1.086956521739146,9.37,9.5,0.1999999999999993,2.1505376344085945,9.22,9.3,0.15000000000000036,1.086956521739146,9.33,9.45,0.1999999999999993,1.6129032258064362,78686,152353,115185,153.64291863969007
2017-09-17,9.76,9.95,0.5,5.291005291005291,9.924,10.0,0.17999999999999972,1.5228426395939123,9.55,9.7,0.29999999999999893,2.1276595744680775,9.83,9.95,0.25,1.0152284263959355,132289,168030,69836,57.17252216859356
2017-09-24,10.549999999999999,10.95,1.0,7.035175879396997,10.81,11.05,0.7000000000000011,3.8647342995169116,10.314,10.55,0.6000000000000014,4.522613065326644,10.67,10.95,0.75,4.901960784313726,95579,117276,35794,-3.0142413534639685
2017-10-01,10.864,11.05,0.3500000000000014,3.271028037383191,11.008,11.18,0.27999999999999936,2.568807339449535,10.732,10.95,0.4399999999999995,2.336448598130841,10.94,11.1,0.29999999999999893,2.3041474654377883,64938,99465,67499,-67.86206203187051
2017-10-08,11.25,11.4,0.25,0.4464285714285778,11.38,11.55,0.3000000000000007,0.0,11.096,11.35,0.6500000000000004,-3.1674208144796507,11.29,11.5,0.4499999999999993,-1.3392857142857018,78597,157815,116804,89.2152748636173
2017-10-15,10.84,11.0,0.3000000000000007,-1.8181818181818117,10.892,11.1,0.3899999999999988,-1.8018018018017954,10.596,10.75,0.3000000000000007,-2.7906976744186114,10.69,10.85,0.40000000000000036,-3.6866359447004644,65647,115873,76158,191.7612992572076
2017-10-22,10.46,10.8,0.5500000000000007,-1.8957345971564081,10.58,10.8,0.40000000000000036,-0.9389671361502314,10.16,10.25,0.1999999999999993,0.0,10.39,10.5,0.3000000000000007,0.9615384615384581,73797,98976,58411,58.51631192043435
2017-10-29,10.12,10.5,0.6999999999999993,-5.74162679425837,10.272,10.55,0.6000000000000014,-2.3696682464454977,9.879999999999999,10.35,0.6500000000000004,-6.280193236714979,10.040000000000001,10.4,0.6500000000000004,-1.4423076923076956,81017,126630,85040,-22.85096197181688
2017-11-05,10.09,10.3,0.3000000000000007,-2.9126213592233077,10.206,10.35,0.3200000000000003,-3.0917874396135296,9.894,10.0,0.27999999999999936,-2.7999999999999936,10.02,10.15,0.40000000000000036,-3.9408866995073923,78373,139279,101916,-5.250992412441586
2017-11-12,9.7,9.8,0.20000000000000107,-1.538461538461542,9.93,10.2,0.3999999999999986,4.0816326530612095,9.552,9.75,0.5399999999999991,1.0526315789473646,9.83,10.15,0.45000000000000107,4.63917525773197,55227,64233,18250,-28.412186882132236
2017-11-19,10.274999999999999,10.45,0.34999999999999964,1.4705882352941213,10.5,10.7,0.29999999999999893,2.8846153846153744,10.125,10.25,0.3000000000000007,3.0150753768844294,10.275,10.4,0.34999999999999964,2.487562189054726,97348,181930,157195,-15.317910311997817
2017-11-26,10.21,10.4,0.40000000000000036,0.9999999999999964,10.39,10.5,0.25,-2.380952380952381,9.902,10.1,0.34999999999999964,-1.6145307769929378,10.154,10.45,0.6499999999999986,-5.038759689922476,91254,112470,50490,-7.200142260158264
2017-12-03,9.64,9.8,0.3000000000000007,-3.0612244897959253,9.896,10.3,0.620000000000001,3.517587939698507,9.488,9.6,0.3100000000000005,-0.5235602094240912,9.7,10.0,0.5500000000000007,3.626943005181343,99870,214760,162635,312.0095923261391
2017-12-10,9.98,10.15,0.34999999999999964,-1.9801980198019733,10.14,10.2,0.1999999999999993,0.0,9.84,9.95,0.25,-1.0050251256281373,9.904,10.07,0.2699999999999996,-1.688182720953326,153042,419489,348056,45.17379922444808
2017-12-17,9.825,9.85,0.049999999999998934,-0.5076142131979587,9.925,10.0,0.09999999999999964,-0.9999999999999964,9.7275,9.75,0.08999999999999986,0.9316770186335389,9.7875,9.85,0.09999999999999964,0.0,83444,120053,67250,-44.28044280442804
2017-12-24,9.675,9.8,0.25,-2.5510204081632653,9.83,10.0,0.27999999999999936,-1.3197969543147108,9.525,9.55,0.05000000000000071,-0.5235602094240912,9.6125,9.65,0.09999999999999964,-1.0362694300518098,82055,103616,38423,30.270551358534718
2017-12-31,10.040000000000001,10.55,0.9500000000000011,4.6875000000000115,10.334,10.6,0.5,1.9801980198019908,9.78,10.0,0.5500000000000007,4.232804232804237,10.15,10.55,0.6500000000000004,3.0303030303030196,93705,135521,72820,-40.27622993761013
2018-01-07,9.95,10.2,0.5,-1.4705882352941038,10.1275,10.3,0.3500000000000014,0.980392156862759,9.675,9.9,0.40000000000000036,3.1250000000000075,9.9125,10.25,0.6500000000000004,6.770833333333337,68254,78362,18356,-12.139625459390603
2018-01-14,10.13,10.25,0.34999999999999964,-0.9756097560975575,10.21,10.3,0.15000000000000036,-1.4563106796116538,9.97,10.12,0.2699999999999996,-1.8774703557312205,10.08,10.2,0.29999999999999893,-1.4778325123152745,60453,93133,63668,-48.0259413956385
2018-01-21,10.16,10.45,0.6499999999999986,1.9801980198019908,10.42,10.55,0.3500000000000014,2.450980392156863,9.994,10.3,0.8500000000000014,4.5685279187817365,10.33,10.4,0.25,2.4630541871921183,175225,274134,188014,55.35183464932652
2018-01-28,10.34,10.65,0.5,3.3980582524271807,10.56,10.85,0.4499999999999993,2.3923444976076556,10.202,10.25,0.1899999999999995,0.0,10.41,10.7,0.4499999999999993,-0.9661835748792237,114852,182973,117209,94.83781314736422
2018-02-04,10.33,10.4,0.15000000000000036,0.9756097560975575,10.5,10.57,0.14000000000000057,0.0,10.214,10.3,0.23000000000000043,-1.7560975609756069,10.29,10.4,0.25,-1.9323671497584474,135487,184953,95578,-51.676912512908686
2018-02-11,10.2625,10.45,0.34999999999999964,3.4653465346534618,10.5375,10.85,0.6500000000000004,6.372549019607846,10.225,10.35,0.25,2.4752475247524752,10.3875,10.55,0.40000000000000036,3.9408866995073923,87920,142934,84100,74.95838229533882
2018-02-18,10.39,10.5,0.15000000000000036,0.9615384615384581,10.57,10.7,0.25,1.421800947867285,10.31,10.5,0.3000000000000007,2.9411764705882426,10.43,10.65,0.34999999999999964,3.3980582524271807,80908,104054,43347,0.1182535217735732
2018-02-25,10.48,10.7,0.4499999999999993,-2.358490566037736,10.596,10.8,0.45000000000000107,-2.5000000000000124,10.33,10.6,0.4499999999999993,-2.830188679245273,10.434,10.65,0.40000000000000036,-1.4084507042253553,105672,179395,107675,14.049079754601227
2018-03-04,10.88,11.25,0.75,7.142857142857143,11.08,11.4,0.7000000000000011,6.542056074766366,10.664,11.0,0.6999999999999993,6.504854368932039,10.96,11.25,0.5999999999999996,3.755868544600942,83725,130716,72544,27.48260897313166
2018-03-11,10.77,11.05,0.6000000000000014,-2.714932126696839,10.93,11.35,0.5999999999999996,-5.286343612334798,10.514,10.65,0.25,-1.8779342723004795,10.63,10.75,0.25,-2.3255813953488373,159935,290005,189143,31.380480855479536
2018-03-18,10.48,10.5,0.09999999999999964,0.0,10.61,10.8,0.3000000000000007,-1.4084507042253553,10.34,10.45,0.25,-2.3923444976076556,10.43,10.6,0.29999999999999893,-2.3696682464454977,96807,108011,20781,-15.364175870976105
2018-03-25,10.45,10.65,0.45000000000000107,-2.3923444976076556,10.675,10.8,0.40000000000000036,-3.703703703703707,10.2875,10.45,0.34999999999999964,-3.3492822966507148,10.425,10.65,0.45000000000000107,-4.225352112676066,158519,222885,122578,-37.620412808378056
2018-04-01,10.48,10.65,0.40000000000000036,3.3980582524271807,10.61,10.75,0.4499999999999993,4.368932038834944,10.33,10.55,0.5,4.975124378109452,10.51,10.65,0.40000000000000036,2.92682926829269,74001,91402,30880,-33.784818712938446
2018-04-08,10.76,10.85,0.1999999999999993,0.9389671361502314,10.85,10.9,0.09999999999999964,-0.9174311926605472,10.63,10.75,0.1999999999999993,-0.47169811320753713,10.75,10.9,0.25,-1.376146788990829,47331,59575,16716,-23.127150650440623
2018-04-15,11.37,11.9,1.0999999999999996,10.185185185185182,11.725999999999999,12.0,0.7200000000000006,6.3829787234042605,11.3,11.75,0.9499999999999993,8.796296296296289,11.61,11.95,0.75,6.250000000000011,84746,109763,56868,73.34920828046512
2018-04-22,11.58,11.95,0.6999999999999993,-5.020920502092047,11.796,12.05,0.5200000000000014,-4.149377593360995,11.342,11.7,0.5499999999999989,-3.5897435897435894,11.46,11.9,0.75,-3.3613445378151288,91468,161034,112221,64.98201973219133
2018-04-29,11.64,11.95,0.5,4.366812227074236,11.918,12.3,0.7000000000000011,6.034482758620699,11.302,11.65,1.3399999999999999,12.997090203685742,11.83,12.2,0.5999999999999996,5.172413793103446,71946,87868,38605,19.14951319393594
2018-05-06,12.27,12.4,0.3000000000000007,-0.4115226337448618,12.394,12.5,0.34999999999999964,-2.4096385542168592,12.06,12.25,0.40000000000000036,-2.066115702479339,12.22,12.4,0.5,-3.252032520325206,61385,100699,70968,-37.59681649082149
2018-05-13,11.91,11.95,0.14999999999999858,0.42016806722688177,12.004,12.05,0.10000000000000142,-0.16638935108152725,11.502,11.9,1.6400000000000006,0.847457627118641,11.91,12.0,0.1999999999999993,0.8403361344537785,46702,65799,32455,27.057341650671784
2018-05-20,12.125,12.4,0.45000000000000107,3.765690376569047,12.3175,12.47,0.3200000000000003,2.6337448559670804,11.9025,12.01,0.20999999999999908,-0.8403361344537785,12.1375,12.35,0.40000000000000036,0.41841004184101016,68301,107208,67432,39.2185126027504
2018-05-27,11.93,12.1,0.25,-0.4184100418409953,12.134,12.32,0.370000000000001,-1.785714285714291,11.818,11.95,0.25,-1.0041841004184036,11.93,12.15,0.45000000000000107,-0.823045267489709,76682,107260,58447,-54.49095655416745
2018-06-03,12.1,12.25,0.1999999999999993,0.41493775933609073,12.224,12.3,0.15000000000000036,-0.16366612111294065,11.98,12.05,0.15000000000000036,-0.4184100418409953,12.114,12.2,0.14999999999999858,-0.6584362139917701,53716,70024,28088,-14.463402149803787
2018-06-10,12.07,12.2,0.29999999999999893,1.2448132780082868,12.294,12.7,0.5999999999999996,4.0983606557377055,11.91,12.05,0.3000000000000007,0.42016806722688177,12.2,12.7,0.7999999999999989,5.833333333333328,81931,115906,66777,86.78377333143358
2018-06-17,13.64,14.45,1.799999999999999,9.881422924901186,14.04,14.7,1.6999999999999993,6.923076923076925,13.209999999999999,13.65,1.1500000000000004,6.799999999999998,13.61,14.0,1.0999999999999996,4.26356589147286,203585,420284,340953,-16.384544036426494
2018-06-24,13.549999999999999,13.85,0.4499999999999993,1.115241635687735,13.77,14.1,0.6500000000000004,1.0752688172043037,13.27,13.4,0.40000000000000036,-0.7462686567164153,13.58,14.1,0.9000000000000004,2.173913043478253,87940,177940,128516,114.02968558300657
2018-07-01,14.0,14.1,0.29999999999999893,-0.7092198581560258,14.05,14.15,0.20000000000000107,-1.0600706713780943,13.725,13.85,0.1999999999999993,-1.444043321299634,13.8625,13.9,0.09999999999999964,-0.7194244604316521,79565,105021,68974,-62.34553070583197
2018-07-08,13.73,13.8,0.20000000000000107,-1.4492753623188481,13.782,13.89,0.27000000000000135,-1.9438444924406144,13.53,13.6,0.1999999999999993,-1.102941176470591,13.629999999999999,13.8,0.3500000000000014,-2.173913043478266,43540,61833,26630,-22.309305429049545
2018-07-15,13.64,13.75,0.25,1.4814814814814763,13.776,13.9,0.20000000000000107,0.7299270072992805,13.549999999999999,13.65,0.20000000000000107,1.115241635687735,13.65,13.7,0.14999999999999858,0.7380073800737981,57486,87360,58965,121.50026413100898
2018-07-22,13.74,14.45,1.25,1.0948905109489078,13.86,14.45,0.8999999999999986,1.0909090909090935,13.17,13.3,0.3500000000000014,1.1406844106463905,13.44,13.55,0.40000000000000036,3.0418250950570367,142290,329359,280357,84.57444330569272
2018-07-29,13.299999999999999,13.55,0.6000000000000014,-3.717472118959108,13.56,13.85,0.5999999999999996,-4.332129963898915,13.108,13.4,0.46000000000000085,-3.3582089552238883,13.26,13.5,0.5500000000000007,-2.2222222222222276,112994,161611,102480,-53.18394477477113
2018-08-05,13.18,13.25,0.15000000000000036,-0.7547169811320728,13.334,13.5,0.3000000000000007,-1.6356877323419992,13.054,13.18,0.23000000000000043,-1.7450682852807315,13.129999999999999,13.25,0.25,-1.8867924528301887,65746,102970,63622,-42.16665048072254
2018-08-12,12.8,13.0,0.4499999999999993,-1.9230769230769231,12.936,13.05,0.22000000000000064,-0.7662835249042254,12.614,12.75,0.1999999999999993,-1.5686274509803866,12.78,12.95,0.29999999999999893,-0.3861003861003779,70040,98667,44471,-45.07180718984058
2018-08-19,13.14,13.25,0.25,1.9230769230769231,13.286,13.4,0.34999999999999964,2.6819923371647483,13.01,13.15,0.2699999999999996,2.0962732919254625,13.18,13.3,0.3000000000000007,2.3076923076923133,81540,100265,39274,-39.17019897272229
2018-08-26,13.275,13.35,0.15000000000000036,-0.7518796992481309,13.3975,13.46,0.16000000000000014,0.5979073243647239,13.1625,13.2,0.049999999999998934,-0.37878787878787074,13.3125,13.45,0.1999999999999993,1.1278195488721696,48297,58173,19369,-4.182524983208841
2018-09-02,13.23,13.5,0.5,-3.333333333333328,13.266,13.5,0.4499999999999993,-3.333333333333328,12.96,13.1,0.4499999999999993,-3.4351145038167887,13.08,13.35,0.5999999999999996,-4.494382022471908,43058,54427,30783,-16.36320208719937
2018-09-09,12.68,12.95,0.5999999999999996,1.968503937007874,12.862,13.15,0.45000000000000107,2.654176424668227,12.544,12.95,0.6899999999999995,3.5171862509991967,12.72,13.05,0.7000000000000011,2.755905511811035,53160,63301,19042,27.363634534516407
2018-09-16,13.29,13.45,0.34999999999999964,1.5267175572519165,13.496,13.65,0.25,0.7462686567164153,13.114,13.15,0.09999999999999964,0.7662835249042118,13.290000000000001,13.4,0.25,-1.1194029850746294,93677,222671,186131,-0.4900163981865535
2018-09-23,13.416,13.55,0.25,1.3533834586466142,13.58,13.7,0.1999999999999993,1.1070110701106906,13.194,13.3,0.23000000000000043,-1.7293233082706798,13.357999999999999,13.45,0.35999999999999943,-2.6765799256505534,55236,79983,53305,14.094697466859168
2018-09-30,12.83,13.21,1.33,-9.24369747899159,13.14,13.31,0.5999999999999996,-4.507888805409464,12.584,13.0,1.1199999999999992,-6.1611374407582895,12.896,13.26,0.8399999999999999,-3.944315545243618,66610,94790,57298,-5.975313851672118
2018-10-07,12.216,12.58,0.6300000000000008,-3.706688154713947,12.514,12.78,0.41000000000000014,-3.129890453834105,11.953999999999999,12.29,0.5299999999999994,-4.1497152156224555,12.078,12.59,0.7699999999999996,-5.48054011119936,65946,77851,32628,-36.24636986494488
2018-10-14,12.146,12.5,0.5399999999999991,0.41666666666667257,12.33,12.54,0.48999999999999844,-2.1121039805036537,11.938,12.15,0.3200000000000003,-0.3364171572750288,12.15,12.51,0.5299999999999994,-2.3615635179153025,60023,119952,83985,-70.01550620248099
2018-10-21,11.578,11.8,0.5200000000000014,-1.6949152542372972,11.874,12.05,0.39000000000000057,0.3330557868443041,11.382,11.61,0.5299999999999994,-1.0335917312661431,11.578,11.85,0.5,-1.0970464135021014,60703,91141,51326,-20.0250471615859
2018-10-28,11.796,12.08,0.41999999999999993,-0.5967604433077602,12.056000000000001,12.21,0.25,0.16722408026755495,11.584,11.73,0.25,-2.131287297527707,11.714,11.93,0.33000000000000007,-2.263202011735118,96275,133433,58612,-20.99946157566687
2018-11-04,11.703999999999999,11.79,0.1899999999999995,-0.8547008547008517,11.87,11.98,0.2900000000000009,-1.3502109704641363,11.574,11.66,0.2900000000000009,-1.9827586206896588,11.693999999999999,11.86,0.3699999999999992,-1.7948717948717872,105891,156122,111420,-3.645930661421195
2018-11-11,11.712,12.6,1.5999999999999996,9.660574412532632,12.2,12.99,1.3800000000000008,10.365335598980463,11.402,11.79,0.8399999999999999,2.610966057441244,11.806,12.7,1.5099999999999998,2.842377260981913,116933,173305,108993,133.2084214454534
2018-11-18,11.705,11.84,0.2400000000000002,-0.6820119352088667,11.995000000000001,12.14,0.33999999999999986,-2.0746887966804977,11.5075,11.69,0.379999999999999,1.6799292661361582,11.74,11.87,0.25,-1.0951979780960321,71087,87045,38977,-22.779022344764204
2018-11-25,11.758000000000001,12.05,0.41999999999999993,3.6113499570077376,11.866,12.05,0.3200000000000003,2.728047740835467,11.578000000000001,11.65,0.1899999999999995,1.4834205933682365,11.746,11.85,0.23000000000000043,1.9793459552495736,86054,133763,88632,104.52903769027941
2018-12-02,11.2025,11.79,1.0199999999999996,-8.651399491094145,11.395,11.84,0.75,-6.33445945945946,10.8475,11.03,0.33000000000000007,-2.9918404351767913,11.0225,11.23,0.47000000000000064,-0.5415162454873691,101792,129167,45982,-2.7049744794620434
2018-12-09,11.225999999999999,11.61,0.8300000000000001,0.08888888888888699,11.548,11.85,0.5999999999999996,0.7999999999999987,11.018,11.47,0.6900000000000013,0.4638218923933276,11.278,11.58,0.6799999999999997,-1.8018018018017954,96062,160529,87037,106.41241593910327
2018-12-16,10.326,11.07,1.3599999999999994,-12.285456187895207,10.462,11.07,1.3599999999999994,-12.285456187895207,9.924,10.61,1.33,-12.535344015080113,9.982,10.61,1.3200000000000003,-12.441093308199815,191292,426242,320996,-32.51693022749142
2018-12-23,9.78,10.23,0.9199999999999999,9.881847475832437,10.065,10.35,0.6500000000000004,5.56701030927836,9.685,10.02,0.7099999999999991,6.229860365198712,9.9525,10.12,0.48999999999999844,4.776739356178599,141844,188086,93503,-49.712897291664454
2018-12-30,10.2825,10.7,0.7099999999999991,7.107107107107098,10.64,10.96,0.5500000000000007,4.480457578646336,10.192499999999999,10.69,0.7400000000000002,7.437185929648245,10.502500000000001,10.88,0.8100000000000005,4.71607314725698,94107,114668,53158,-46.35818188160603
2019-01-06,11.58,11.82,0.5400000000000009,3.812056737588666,11.878,11.99,0.3200000000000003,-0.1668056713928238,11.362,11.48,0.23000000000000043,1.8633540372670885,11.606,11.72,0.21000000000000085,-1.6239316239316197,256902,480547,378558,127.4757162062371
2019-01-13,11.425,11.66,0.41000000000000014,3.6444444444444457,11.6525,11.81,0.2599999999999998,2.162629757785467,11.254999999999999,11.47,0.47000000000000064,4.272727272727279,11.5325,11.74,0.33999999999999986,2.982456140350876,236139,315418,112753,55.63516147336738
2019-01-20,11.338000000000001,11.71,0.5800000000000001,-3.4158838599487646,11.542,11.82,0.5800000000000001,-2.7072758037225064,11.033999999999999,11.34,0.6699999999999999,-2.0282186948853655,11.258,11.4,0.3600000000000012,-0.3508771929824642,190419,306538,209196,-24.438731902733103
2019-01-27,12.1,13.5,2.1500000000000004,18.942731277533042,12.783999999999999,14.44,2.7699999999999996,23.736075407026558,11.934,13.38,2.110000000000001,18.722271517302584,12.478,14.08,2.66,22.11621856027754,358093,920202,786661,188.09279547105385
2019-02-03,13.554,14.0,0.5999999999999996,-4.285714285714283,13.693999999999999,14.11,0.6899999999999995,-4.89014883061658,13.266,13.4,0.2599999999999998,-1.9402985074626848,13.362,13.53,0.379999999999999,-2.157738095238089,298166,599994,470782,-62.57430904767474
2019-02-10,13.285,13.44,0.2400000000000002,1.81818181818182,13.4175,13.55,0.22000000000000064,1.6504126031507924,13.18,13.37,0.33000000000000007,2.5306748466257676,13.317499999999999,13.49,0.3000000000000007,2.2744503411675567,253253,340981,141467,-11.8353314449595
2019-02-17,13.558,13.84,0.5099999999999998,2.5185185185185173,13.69,13.86,0.33000000000000007,1.4641288433382085,13.46,13.63,0.3000000000000007,1.1227544910179668,13.554,13.67,0.28999999999999915,1.9431988041853496,169766,253064,116473,9.727164887307236
2019-02-24,13.294,13.64,0.6100000000000012,-4.472140762463352,13.356,13.67,0.5199999999999996,-3.8039502560351104,13.128,13.4,0.4399999999999995,-3.283582089552235,13.176,13.4,0.3800000000000008,-2.61194029850746,146242,205731,121626,7.461416940089926
2019-03-03,12.778,13.01,0.4399999999999995,-2.6133743274404293,12.942,13.16,0.4499999999999993,0.2284843869002236,12.628,12.89,0.3800000000000008,-1.8619084561675734,12.802,13.09,0.5,1.0810810810810856,152656,219959,120777,70.72392676130674
2019-03-10,12.98,13.15,0.47000000000000064,-3.279938977879479,13.124,13.16,0.120000000000001,-0.7610350076103608,12.782,12.91,0.2699999999999996,-2.0139426800929496,12.92,13.1,0.41999999999999993,-1.2977099236641216,183944,318342,234152,276.0672288870412
2019-03-17,12.848,13.06,0.7100000000000009,-4.8536209553158765,13.04,13.29,0.7799999999999994,-4.284621270084166,12.64,13.01,0.7799999999999994,-4.453125000000002,12.76,13.13,0.7700000000000014,-4.037267080745352,140182,192960,88381,-25.73674567894221
2019-03-24,12.598,12.86,0.4599999999999991,3.3870967741935476,12.802,12.91,0.23000000000000043,1.8138801261829687,12.438,12.62,0.3899999999999988,1.7741935483870876,12.622,12.78,0.3099999999999987,1.358912869704236,122669,164481,93607,59.86672600365391
2019-03-31,12.626,12.72,0.1800000000000015,-1.2598425196850405,12.728,12.79,0.1399999999999988,-1.0946051602814606,12.448,12.49,0.08999999999999986,-0.720576461168934,12.518,12.55,0.08000000000000007,-0.47885075818035694,133170,175822,72718,25.378258845437617
2019-04-07,12.488,12.61,0.27999999999999936,0.40160642570281696,12.572000000000001,12.63,0.120000000000001,0.3996802557953694,12.366,12.46,0.1800000000000015,0.16220600162205656,12.484,12.58,0.25,1.7031630170316228,101317,153679,86008,15.819661332982033
2019-04-14,12.655,12.86,0.27999999999999936,-0.07942811755361229,12.855,13.03,0.35999999999999943,-2.4558710667689834,12.485,12.52,0.049999999999998934,0.32051282051281366,12.6425,12.78,0.27999999999999936,-0.704225352112675,125320,242892,169637,-67.5118982922451
2019-04-21,12.886,13.1,0.33999999999999986,0.07836990595611118,13.052,13.23,0.370000000000001,0.0,12.756,13.02,0.41999999999999993,1.3492063492063486,12.934,13.04,0.22999999999999865,-0.5368098159509088,96799,130484,51506,-29.63658379571442
2019-04-28,12.842,13.0,0.5399999999999991,-4.153846153846147,13.016,13.16,0.3100000000000005,-1.2987012987012982,12.642,12.87,0.5499999999999989,-2.5078369905956137,12.892,13.1,0.34999999999999964,-0.38850038850038027,177301,211343,92747,-23.697564617340248
2019-05-05,12.278,12.6,0.7999999999999989,-6.34920634920634,12.374,12.79,0.8599999999999994,-6.724003127443311,12.072000000000001,12.38,0.8100000000000005,-6.542810985460425,12.166,12.48,0.8100000000000005,-6.490384615384619,111947,185809,114748,52.8084805421231
2019-05-12,11.814,11.89,0.19000000000000128,0.9401709401709506,11.991999999999999,12.11,0.1999999999999993,-0.3347280334727962,11.79,11.87,0.16999999999999993,0.25641025641026616,11.896,11.99,0.16000000000000014,0.0,90967,176994,120953,-22.9725785780451
2019-05-19,11.8325,11.99,0.4299999999999997,-3.5863219349457856,11.9475,12.09,0.3000000000000007,-2.481389578163778,11.6725,11.87,0.4399999999999995,-2.616033755274266,11.8,12.01,0.5099999999999998,-2.164862614487925,99635,186774,127412,214.63562548431656
2019-05-26,11.386000000000001,11.76,0.8599999999999994,-7.312925170068023,11.612,11.89,0.8399999999999999,-7.06476030277544,11.234,11.75,0.9100000000000001,-7.744680851063831,11.374,11.79,0.8999999999999986,-6.955046649703127,129523,209987,148801,114.39871866113162
2019-06-02,11.41,11.57,0.4800000000000004,4.32822362488729,11.584,11.82,0.370000000000001,3.2314410480349434,11.286,11.47,0.3800000000000008,3.426510369702442,11.466,11.52,0.09999999999999964,0.6118881118881144,100621,133597,72013,-53.90315650800542
2019-06-09,11.692,12.0,0.5500000000000007,2.2336769759450155,11.878,12.47,0.9900000000000002,1.276595744680854,11.468,11.83,0.5999999999999996,2.0318021201413465,11.568,11.83,0.3800000000000008,1.308900523560197,102428,177408,106413,5.0659686982532985
2019-06-16,11.896,12.03,0.3699999999999992,1.886792452830194,12.022,12.14,0.23000000000000043,-0.831946755407651,11.752,11.92,0.3200000000000003,0.6034482758620714,11.862,12.04,0.33999999999999986,-1.0989010989011054,136091,237792,178934,80.65612613211098
2019-06-23,12.232000000000001,12.81,1.0999999999999996,9.393680614859091,12.516,12.97,0.870000000000001,7.190082644628108,12.186,12.67,1.0199999999999996,8.755364806866949,12.406,12.8,0.7400000000000002,6.13598673300166,191252,295550,173830,-47.936182043714446
2019-06-30,12.78,12.87,0.20999999999999908,-1.4018691588785024,12.9375,13.14,0.41000000000000014,-1.3178294573643405,12.58,12.71,0.22000000000000064,-0.15987210231814208,12.7225,12.93,0.3200000000000003,-0.630417651694248,131815,148132,26860,22.14855861204565
2019-07-07,12.738,12.91,0.34999999999999964,2.786624203821653,12.866,12.99,0.33000000000000007,2.606635071090048,12.608,12.8,0.370000000000001,1.769911504424784,12.756,12.89,0.3100000000000005,1.5835312747426704,110618,128922,34145,8.705591879657995
2019-07-14,12.872,13.03,0.21999999999999886,1.717408274785315,12.998,13.07,0.17999999999999972,0.15325670498083963,12.796000000000001,12.82,0.08000000000000007,0.0,12.888,13.01,0.17999999999999972,-0.3108003108003042,115606,174962,101225,90.68388643670644
2019-07-21,13.108,13.36,0.47999999999999865,2.7131782945736407,13.26,13.39,0.41000000000000014,2.465331278890603,12.966000000000001,13.13,0.33000000000000007,2.5781250000000004,13.146,13.29,0.40999999999999837,2.7950310559006164,91889,160404,113018,-70.45834268472107
2019-07-28,13.098,13.31,0.5099999999999998,-2.735562310030391,13.246,13.49,0.6699999999999999,-4.185351270553068,12.888,13.15,0.8499999999999996,-6.463878326996196,12.984,13.3,0.7700000000000014,-5.789473684210536,95375,121556,46040,25.237337369645303
2019-08-04,12.792,13.38,1.040000000000001,3.4045922406967515,13.076,13.67,1.0999999999999996,7.722616233254535,12.504,13.06,0.8399999999999999,6.006493506493508,12.914,13.65,1.1600000000000001,9.112709832134298,146808,251794,196193,71.25437836616324
2019-08-11,13.354000000000001,13.59,0.4399999999999995,-0.965824665676083,13.568,13.8,0.5200000000000014,-2.6086956521739215,13.116,13.3,0.28000000000000114,-0.9774436090225622,13.344,13.76,0.7200000000000006,-4.1424418604651185,160503,261901,193346,-73.82407856403755
2019-08-18,13.296,13.5,0.4299999999999997,-0.6083650190114074,13.442,13.71,0.5700000000000003,-1.1286681715575515,13.116,13.38,0.5200000000000014,-1.8320610687022918,13.202,13.5,0.5899999999999999,-2.0485584218512867,94056,129506,66485,-31.50338021433385
2019-08-25,12.7825,12.97,0.46000000000000085,0.0,12.9575,13.04,0.28999999999999915,-0.07668711656441554,12.61,12.73,0.22000000000000064,1.6773162939297193,12.7075,12.93,0.39000000000000057,1.9138755980861262,69081,91269,34942,-38.284631145295776
2019-09-01,12.88,13.06,0.39000000000000057,3.078137332280983,13.09,13.29,0.48999999999999844,3.5937499999999925,12.718,12.93,0.4399999999999995,3.522818254603679,12.898,13.19,0.6399999999999988,5.099601593625488,67288,80102,22809,-28.474944445831564
2019-09-08,13.952,14.54,1.3699999999999992,8.656036446469253,14.298,14.71,1.2300000000000004,7.863501483679515,13.748,14.32,1.4000000000000004,9.752321981424146,14.112,14.52,1.2199999999999989,7.067669172932326,115880,162774,86778,-1.1408426885902723
2019-09-15,13.962,14.25,0.6300000000000008,-3.88143966125618,14.116,14.4,0.7000000000000011,-4.794996525364845,13.76,14.09,0.5399999999999991,-3.8325053229240535,13.83,14.24,0.6400000000000006,-4.143258426966291,101937,252332,206439,-37.12857045003082
2019-09-22,13.734,13.83,0.2599999999999998,0.656934306569342,13.844,13.87,0.06999999999999851,-0.36101083032490205,13.59,13.66,0.120000000000001,0.442804428044271,13.714,13.85,0.23000000000000043,-0.07336757153339371,85372,108164,59377,-27.244847771787875
2019-09-29,13.35,13.7,0.5999999999999996,-1.751824817518237,13.596,13.97,0.6000000000000014,-1.7895490336435218,13.17,13.41,0.41000000000000014,0.9789156626506084,13.357999999999999,13.62,0.5800000000000001,2.2522522522522443,74962,85627,22024,-25.54568068483072
2019-10-06,13.496,13.63,0.28000000000000114,0.590405904059041,13.620000000000001,13.88,0.4400000000000013,1.1790714812085492,13.344,13.55,0.3800000000000008,1.9563581640331196,13.474,13.72,0.41999999999999993,2.848575712143934,61104,79168,32707,-41.31340945836702
2019-10-13,14.066,14.4,0.7400000000000002,5.417276720351393,14.344,14.54,0.35999999999999943,2.2503516174402143,13.95,14.18,0.5199999999999996,3.8067349926793526,14.168,14.3,0.41000000000000014,2.95176385889129,80289,110319,54337,-25.173658271566612
2019-10-20,14.091999999999999,14.29,0.5,-3.4313725490196094,14.246,14.44,0.5,-2.354570637119113,13.94,14.19,0.4399999999999995,-2.9598308668076108,14.04,14.32,0.5300000000000011,-2.3044692737430172,42787,63375,37869,71.01954148833815
2019-10-27,14.436,14.83,0.8599999999999994,6.156048675733711,14.636000000000001,14.84,0.379999999999999,1.36612021857923,14.216,14.44,0.5700000000000003,4.109589041095893,14.456,14.64,0.2900000000000009,0.48611111111111305,107160,181602,107068,-52.40415854450942
2019-11-03,14.602,14.95,0.7199999999999989,2.3972602739726003,14.85,15.87,1.5399999999999991,2.3972602739726003,14.292,14.56,0.5500000000000007,1.6050244242847203,14.478,14.94,0.8399999999999999,3.556485355648534,114417,214929,150935,91.69548555939808
2019-11-10,15.794,17.59,2.8599999999999994,17.580213903743307,16.246,18.5,3.59,22.51655629139073,15.475999999999999,17.49,3.0599999999999987,17.698519515477784,16.067999999999998,18.22,3.4499999999999993,22.36400268636668,334809,612348,482865,186.71278672051633
2019-11-17,18.092,18.53,0.9700000000000024,2.7334851936218705,18.631999999999998,18.99,0.6999999999999993,2.6243849097867713,17.855999999999998,18.2,0.6400000000000006,1.195899772209572,18.272,18.48,0.39000000000000057,-0.6043956043956012,355598,580813,419355,-44.76122263103615
2019-11-24,17.872500000000002,17.94,0.19000000000000128,0.11160714285714046,18.0925,18.21,0.1999999999999993,-0.8786381109280622,17.5475,17.69,0.4200000000000017,-1.595441595441602,17.7575,17.94,0.4700000000000024,-1.743532058492701,143018,208441,140717,-16.24632389980858
2019-12-01,17.532,17.93,0.6099999999999994,-0.9153318077803212,17.812,18.15,0.6899999999999977,-2.729805013927568,17.202,17.35,0.3000000000000007,-1.613832853025943,17.444000000000003,17.85,0.75,-4.201680672268907,265789,340690,145995,-25.11010674103279
2019-12-08,17.172,17.31,0.23999999999999844,-0.1754385964912347,17.488,17.86,0.5300000000000011,3.0582804385458813,16.964,17.14,0.3500000000000014,0.35735556879096053,17.218,17.49,0.48999999999999844,1.686046511627902,194730,393976,269235,195.4384228326322
2019-12-15,18.348,18.95,1.3499999999999979,2.7272727272727093,18.558,18.95,0.8099999999999987,-0.7658643326039418,17.954,18.32,0.7199999999999989,1.1363636363636322,18.29,18.68,0.8500000000000014,-2.140504939626787,424694,1145980,1031994,-57.324118204247895
2019-12-22,17.689999999999998,17.9,0.41999999999999815,-1.9079685746352404,17.8875,18.14,0.5399999999999991,1.7386427369601924,17.345,17.61,0.5,-2.8392958546280522,17.685,18.06,0.6999999999999993,1.5748031496062855,264425,819479,767980,1491.252257325385
2019-12-29,17.826666666666668,18.16,0.7699999999999996,-4.24008810572687,17.96,18.29,0.629999999999999,-3.444505194095129,17.413333333333334,17.57,0.3099999999999987,-1.7643710870802432,17.669999999999998,17.72,0.08999999999999986,-0.3386004514672614,155510,202479,107828,-16.33700284967824
