Date,FENG_stock_Open_average,FENG_stock_Open_max,FENG_stock_Open_min,FENG_stock_Open_volatility,FENG_stock_Open_change,FENG_stock_High_average,FENG_stock_High_max,FENG_stock_High_min,FENG_stock_High_volatility,FENG_stock_High_change,FENG_stock_Low_average,FENG_stock_Low_max,FENG_stock_Low_min,FENG_stock_Low_volatility,FENG_stock_Low_change,FENG_stock_Close_average,FENG_stock_Close_max,FENG_stock_Close_min,FENG_stock_Close_volatility,FENG_stock_Close_change,FENG_stock_Volume_average,FENG_stock_Volume_max,FENG_stock_Volume_min,FENG_stock_Volume_volatility,FENG_stock_Volume_change
2018-04-08,-1.2138720345503498,-1.3197876766052774,-1.152476251125746,-0.8685215734319826,-0.0714785968378107,-1.29938871664566,-1.3796885290878074,-1.2411272233838408,-0.5428130515436076,0.13856951015862506,-1.2230163755157561,-1.2821554121908614,-1.1324382603256509,-0.5814851174085999,0.14403670456685502,-1.261807318793801,-1.35132917999637,-1.2038658288373056,-0.7864447388266459,0.1785042116684077,-0.4675136843312973,-0.3648318884158961,-1.3788112940685333,-0.006926074325418651,-1.0336867541372419
2018-04-15,-1.1720821572161215,-1.2023886604649128,-1.0757475513350268,-1.029174847390942,0.8398742674932044,-1.2082868352967546,-1.2684243953799812,-1.1645816002017852,-0.6694496296517078,0.8377954873784401,-1.1271463920019904,-1.1926479658385225,-1.0185819944778371,-0.9096885128150752,0.4926060918539592,-1.1509316989876934,-1.2224968965550433,-1.0856533758054696,-0.9068906112012557,0.5104862589737439,-1.4058775665456045,-1.250804860385959,-0.866830355639685,-1.1238164471567762,0.6021840689737751
2018-04-22,-1.1859498415407184,-1.161999215349441,-1.1234779079433581,-0.6935386777646848,0.19762130869458283,-1.2282568738778197,-1.1948297424551813,-1.150171575812893,-0.579146405089575,0.07933477955124456,-1.2005352130057594,-1.182078881367321,-1.1585531866640597,-0.6121785724649285,0.04903148934930704,-1.215986557742813,-1.209116979674202,-1.1695710030952513,-0.7753118001658983,0.14358176570199696,-1.2414339382559263,-1.1578307135109445,-1.1428197597284722,-0.9973669361094094,-0.044719739050122866
2018-04-29,-1.1533306009255435,-1.1710587318299235,-1.0949932312747164,-1.1635236136615428,0.40374283231350894,-1.1634521509973799,-1.1789357974740684,-1.0830117674693873,-0.9332377226740454,0.4709488046655854,-1.1093086392452016,-1.1591398177665533,-1.0012252927948564,-0.9269798992903981,0.2819943617920221,-1.1345885063376853,-1.1774748618965727,-1.0600076571892145,-0.902910074538937,0.0704355309046651,-1.0125664538174148,-0.7390982088554819,-1.2474376081588283,-0.5353358923949267,0.3939793975631327
2018-05-06,-0.9909938071597001,-0.7496995333700065,-1.0214582446466076,0.18479315585023165,1.319541822190791,-0.9070456916604132,-0.7704651585204012,-0.9956567965787227,0.15193071426422058,0.950528318389547,-0.9754605604909978,-0.9221909959184824,-0.8769984028281903,-0.5121967005291609,0.7815774773251558,-0.9264533601075718,-0.7675103541613189,-0.9085513624007396,-0.08021419047704259,0.7326465240096014,-0.8349253009305869,-0.7029399549166667,-1.1677485208027416,-0.5075912111043955,-0.121898267403668
2018-05-13,0.43691386346393696,1.0798035293528998,-0.5792627481685014,2.7659616464390755,2.4965912161483907,0.8615472641312798,1.0944568428315298,-0.48205727777954566,2.589527658475725,2.5083206705109355,0.6144005145179127,1.2308619553162883,-0.3941406936827624,2.553431911710111,2.4438636656065724,0.9400793009115537,1.0630492980080104,-0.36071483348922073,2.4742441275123777,2.4872978990774426,2.4334419344362734,2.8370755927199762,1.2895966877430147,2.868415752939275,0.401983336109815
2018-05-20,1.7124228453712846,1.246405314304271,2.208322576268197,-0.8710649520684035,1.2096660016978633e-15,1.621605976872868,1.2620601836127165,1.9810711680040827,-0.3686990145638702,-0.2124192056886189,1.81780888711374,1.2014437013909935,2.310592040953368,-0.939694876421036,0.03278817030418545,1.6950841735323048,1.2439877229456335,2.0446450700615966,-0.7119972534866572,-0.12423329640051751,0.19625664077557622,-0.09490864911026865,-0.2621865638860475,-0.07088728475068744,-1.5702334522143822
2018-05-27,1.5607513876072183,1.268028027950498,1.8451335193010212,-0.6984770780810313,-0.16421416545119125,1.3046951633717077,0.9653456732065063,1.6665341230037036,-0.6894519801594705,-0.13323015060288632,1.6039881612282476,1.1682018364597389,1.8727342898441734,-0.8070178743728299,-0.15529095095681503,1.4418460467620033,1.146681660505062,1.731446373554226,-0.6857678013216234,-0.1738195142400474,-0.6523684998934997,-0.5847268755424376,0.24192532063594807,-0.6489591779959858,0.39546483444427966
2018-06-03,1.1976793974554092,1.105194019916103,1.1498134720967257,0.1008198695214242,-0.740557036287214,1.1024051888040614,0.9368881719111549,1.2746101650068689,-0.17580663006169295,-0.34134946939088623,1.1759370232541506,1.1190856307968307,1.2385388799491948,0.017534378851401942,-0.6168310586112495,1.0711048456999703,1.0362648599339892,1.2293450878784393,-0.05803461830248415,-0.45192263560651563,-0.8146378118564418,-0.6680367047391254,-0.5665042079343253,-0.6521070711622282,0.31084992554264385
2018-06-10,0.9375008988557757,1.0138158203412921,0.8551744862106723,0.3676375362735184,-0.6968988375884109,0.8752455151086646,0.9186731449839634,0.8743338593297444,0.24824837906553898,-0.9348452624457816,0.8194723162472748,0.7051637847733166,0.8421878044609229,-0.19754303515647448,-0.5770827010740727,0.8175271118587647,0.9300205174236369,0.8137977728514882,0.3252218177939956,-0.9255338354398506,-0.220775862281081,-0.1165475312175724,-0.22819447472060883,-0.09858263538946083,-1.4401320443600227
2018-06-17,0.07792632142823558,0.07714229488328112,0.15030785518281986,-0.11694214857431935,-0.6770702314952644,-0.03638662819416279,0.03952491778032128,0.10357526767574764,-0.09675801501495074,-0.6730065767798036,-0.0749882141722384,0.019178009549458204,-0.07186580005352182,0.15763885873053612,-0.6944720262386581,-0.05280654050989272,-0.02754902636114185,0.031241535165890115,-0.10956936459205677,-0.4828343774904357,0.3807840120976016,0.9481716534950387,-0.09753245810228324,1.0136398407451515,0.2947021291396743
2018-06-24,-0.4391429924566523,-0.4134962819282697,-0.4408350292004628,0.015595448779080388,-0.8187683045793811,-0.45346029957243184,-0.39227678984594466,-0.43821787508685317,0.009299127727697882,-0.485201492230119,-0.470986803828667,-0.4890061090283677,-0.378154623537321,-0.22289011787636465,-0.4734533296844676,-0.5206219430264892,-0.5121690661836247,-0.4087434184203899,-0.25941291967977154,-0.44345287902750913,-0.6654310747348433,-0.4889044312287816,-1.27474322598896,-0.4116496030073251,-0.6572209002227418
2018-07-01,-0.4866243025377534,-0.47511200018790867,-0.4408350292004628,-0.08361494736270901,0.5920333774844587,-0.3918959992919393,-0.3667738088113345,-0.2697846322193617,-0.21828259376610273,0.537961919632018,-0.4414349881638634,-0.5433542358536037,-0.34440157415729633,-0.3717500612210697,0.34375038753009557,-0.34426724889419313,-0.41356765502101517,-0.24250249199604462,-0.36236886648555017,0.48105874237787455,0.6820405777413039,0.8977115112425953,-1.4250087543381347,1.0739386805543196,2.138198718056128
2018-07-08,-0.017457329696494495,-0.050769731459385556,0.10687736605892864,-0.2723159212605671,-0.09354447226743838,0.05764437425164454,0.2144060510053005,0.1160332940476928,0.19018380331447787,-0.9184785634688665,-0.03955970884439187,-0.03314079718877494,0.04898935112651624,-0.13908734339850684,0.10060166112604373,-0.006345116749356186,0.055573262868427085,0.052354346671021706,0.011890704490476045,-0.5822078993786127,-0.09337786205786762,0.2682083464698492,-1.3032431027083065,0.4085476499856507,-2.454908466282812
2018-07-15,-0.40325092194005063,-0.568026761552095,-0.2998223821164565,-0.4521079262943027,-0.46846299374824735,-0.4646165247048246,-0.5302090838707497,-0.3784303784820381,-0.3012778600382135,-0.48631347604584346,-0.5152284155950568,-0.4869707907673435,-0.7599969607194657,0.4547892761175292,-0.9947212472129192,-0.5846438201763018,-0.5432318699720357,-0.8179117920566903,0.46117853307366563,-0.8332443528162026,-0.5885015724614258,-0.4136719489766601,-0.47767207706438625,-0.38707393484483843,1.3390597930213322
2018-07-22,-1.1788929379196054,-1.2381500903082292,-1.069325538025726,-0.27986643937870387,-0.0034471718986169154,-1.175298799691881,-1.1417734167130114,-1.0964915807993245,-0.1603608177123961,0.09957478031560735,-1.1917567358854633,-1.2202210667317948,-1.0267882274124447,-0.33592642833609565,0.08654182308741439,-1.1918319753183866,-1.135862896691378,-1.1162044720974422,-0.0384110762784997,0.3834092985046507,-0.44991203955217457,-0.28503522342204596,-0.08624734292235631,-0.2913621447331904,-0.9217682458626885
2018-07-29,-1.1002877741389274,-1.2052752743242654,-0.9696317374899004,-0.34477964869721406,0.29392270288424666,-1.0767787299788119,-1.11788917508525,-1.043950517215133,-0.1116883468368962,0.5601837909649872,-1.0513066670408924,-1.1007546239205799,-0.9403358507520708,-0.2483454816248261,0.18892920164146132,-1.0366355009900006,-1.1018032882094793,-0.9805695129522038,-0.1523454955824144,0.37375684823651184,-0.9046542715296688,-0.7747443758683903,-1.0663827713793903,-0.705696062516539,0.37024878229178704
2018-08-05,-1.0017928346658898,-1.0903971337204497,-0.8029268612734681,-0.4742267004171528,0.288929729561688,-0.9881176258808327,-0.9673613886982357,-0.7979463240622205,-0.2727242329513546,0.5305707828383409,-0.9420966055884332,-0.9507346230778077,-0.868723250678184,-0.09551910135386137,0.5642989971565472,-0.8783567926820579,-0.8726298380852056,-0.6613270599513635,-0.32800374209418826,0.5807421172189491,-0.7553077530870191,-0.7812022529861591,-0.5373508140509844,-0.7692950310053878,0.6229334974119
2018-08-12,-0.788723574424434,-0.7620393698156283,-0.7714696663561051,0.16728194416267977,-0.20097886591793504,-0.8506409884588019,-0.9617842651252785,-0.8199870005324165,-0.649882337386952,0.3947979509962348,-0.9080398706734188,-0.8345971739831923,-1.0116365111700236,1.209515262529741,0.7285123689912976,-0.8111762668848008,-0.8772928643952678,-0.6847764987404159,-0.6583807594320483,1.0079439848951395,-0.3042964209816648,-0.5530095116513617,0.28924630174797444,-0.577179273216709,0.09244115600762848
2018-08-19,-0.2589105214634599,-0.4251452776278179,-0.150917825127295,-1.3712418062571496,0.3972727439119082,-0.2888885794537686,-0.513170275501353,-0.07367344734260706,-1.9164615326995966,0.264569070586315,-0.31488531810071685,-0.3427433118085561,-0.440244419060795,0.5469163869864238,-0.1314163791471209,-0.24085312399541722,-0.5173921789150793,-0.028767663374964985,-1.830956461904616,0.3751062639010058,-0.7831199663606812,-0.6041411995217321,-0.662016625701751,-0.5181413292533857,0.5234683902304197
2018-08-26,0.6036079814153044,0.6689769615287607,0.34730325614496044,1.6024456832704745,1.8017293320694372,0.6994749849376558,0.8412544561276292,0.49944175822602255,1.589434457755462,1.7775934386352399,0.5239856689314746,0.6193622999427677,0.017874925812948646,2.1004006513521714,1.480452076590162,0.8693583917383708,1.0445062221739305,0.5758637615164426,1.6670485105411745,1.8412864729384149,2.3437510793812186,1.8265991750616486,1.4613626879129527,1.7274167190371992,1.939584415526685
2018-09-02,1.6073732566899337,1.3269115293776768,1.8383517284882083,-1.315065901180559,-0.6139203482423302,1.5605738150812223,1.4334401556680516,1.7163203196322285,-0.5500195432560879,-0.7181235062439695,1.6713305853705858,1.470467798382688,1.8142987865210756,-1.1589841345029859,-0.6126529687056513,1.4979760048554627,1.1413786424967518,1.5208794368949694,-0.6884192902036627,-0.602631001112669,0.7269759478254005,0.3511388557212379,1.8862146171525171,0.14795638265832764,-1.2005043675053408
2018-09-09,0.40174476751010907,0.8210309403614846,0.1982496201990641,1.828999701641924,-1.3485887090034716,0.3605292037378236,0.6058653530967333,0.3652869922377709,0.8420295540287563,-0.8709079389553466,0.2793148471076928,0.21821484864017268,0.4286843763111697,-0.5031933293435153,-0.5367111659575676,0.1666741322160347,-0.0786882233519501,0.2845606082341308,-0.7815098613512421,-0.26227724450890183,-0.5040674445697239,-0.6339644887551057,0.833254743745685,-0.7446412705524735,-0.2523125587467197
2018-09-16,-0.09417756359014132,-0.37086971062739676,0.08699577025208535,-1.2110373998786401,-0.5041749790818826,-0.21845870743857185,-0.42735739266434464,-0.2066298272692968,-0.7360360790179696,-0.6522176647830924,-0.04486655903160131,-0.29556788198408707,0.15466397427438722,-0.9658443354458865,-0.6033596063476977,-0.24140997491311617,-0.38885288089808095,-0.25549033413186895,-0.30081821413319487,-0.9325876106393373,-0.7028492410542229,-0.7795887964584625,0.09326643364733184,-0.8018291930509617,0.19452042278925127
2018-09-23,-0.9057498607304882,-0.8314268154337636,-0.9564460576595689,0.29434388018803687,0.26217328450477995,-0.7443501150319154,-0.8278788152125758,-0.595828629397402,-0.8894549434860824,0.5224920398957603,-1.0482462392731087,-1.102648879041384,-0.998614007576929,-0.16900212103182685,0.13806487389313818,-0.8539260553437089,-0.8278911339429622,-0.6776662364988059,-0.37749736675538015,0.32225484799337945,0.930598492265364,0.9419039169129723,0.6106727135140135,0.8902105063814187,0.021238920470709508
2018-09-30,-1.267133081707434,-0.8396567548812628,-1.3028964342568194,1.3352386441191844,-1.5698150262089683,-1.4064682502760115,-0.9075282096960999,-1.3117657951141222,1.0625128693348485,-1.2935980807849452,-1.350567137149389,-1.5720598087592208,-0.9863971498666518,-1.5177128808614504,-0.17078495093497045,-1.4801733069145537,-1.6442440931091276,-1.345770093630158,-1.0012267434585886,-0.3757345746510885,-0.18273615234753626,-0.30612214557623074,0.7437881911780624,-0.41125399810856167,-0.49991473965860783
2018-10-07,-1.923399620776563,-1.812838673041736,-2.0193678830594077,1.0856363516260181,-1.4740839770692675,-1.940233608788929,-1.8145388497550512,-1.954167830239672,0.6749828532597428,-0.9461015339912625,-1.8876337252902868,-1.533645031958805,-1.8781718938136716,0.8570175043623617,-1.5323211037996682,-1.9896563208031268,-1.63241901317871,-2.0752782129191605,1.2777169140473201,-1.1509216553287263,-0.28819300429936684,-0.2202745899227584,-0.3392211042219014,-0.1966864014625645,0.005981271175710608
2018-10-14,-1.7312070589383952,-1.9412412615394188,-1.6783327925563536,-0.8516986968940491,-0.43548397353839674,-1.8269673455374593,-2.0031925620466144,-1.7335768601187511,-1.3944944514861723,-0.29381898679510354,-1.665571619017019,-1.849074330167201,-1.6135203138548888,-0.9169121856041802,-0.7150257321964837,-1.7618769188975234,-1.8724920457267429,-1.7408830201275198,-0.40740415008317743,-0.7962882276236354,-1.1617576660706626,-0.9540008910113955,-1.7531527085519367,-0.8060381406905169,0.13675412995965924
2018-10-21,-1.8087209500089696,-1.829226370456791,-1.8032693881313504,-0.049763408671371266,-0.33439257016402724,-1.7996949749875166,-1.7267212641920129,-1.7469054754410653,-0.2496712902123841,-0.7465869927839782,-1.8028487500779449,-1.8302262946982035,-1.751328558392503,-0.6073457389656471,-0.7993099425151401,-1.8126749696153723,-1.8548055463464812,-1.8134693381508038,-0.2583681786164371,-0.7619226791684398,-0.16047673480383662,0.04129794158375882,-0.2689807134911069,0.07968913401153593,1.0611200467139195
2018-10-28,-1.4594966891781755,-1.1307905034122103,-1.5466837815466914,1.909373077248795,1.6375863587091684,-1.3884561050957926,-1.2270761286956988,-1.5311230535562714,1.427249189155986,1.4566372499787232,-1.467129407784238,-1.2686791425952721,-1.5124693033523675,0.8506968048504626,1.7326955001521827,-1.3614660303042987,-1.1847285069676619,-1.4934736843409333,1.415416336433707,1.5745706623794014,0.6011973640054111,0.11954216051799582,1.2840508592669913,-0.03933799064689913,-0.6482836298576338
2018-11-04,-0.7644932853286497,-0.8600638742243335,-0.7181143283190796,-0.38503388414463,0.39229417648454795,-0.7909864595189228,-0.850466340510059,-0.743950327022182,-0.5321592632036087,0.4950610876748533,-0.767349473559537,-0.7805163492426598,-0.771162714072915,-0.07899668353869856,0.25888485217907714,-0.7397506913044761,-0.7819467629243912,-0.6947985983009966,-0.281002042980146,-0.053629017326203475,-0.9017137110587503,-0.959957709455358,-1.8384887650299342,-0.7643664979613866,0.4301826835592616
2018-11-11,-1.1563725199588806,-1.1030047437523116,-1.1790658977061454,0.6135735435519282,-0.6184413489365328,-1.146592613320903,-1.1611552211611498,-1.1521347496337337,-0.10163587016859396,0.06408505568032838,-1.1717458272762793,-1.1713791913885716,-1.1818166768213973,-0.0005840748855938186,-0.4015939333250759,-1.1605985225492157,-1.20334707619515,-1.2268411459066502,0.24315392499515953,-0.18192959002827902,0.10586961526832347,0.14800332469349334,0.34214110985384977,0.1084466162425583,0.05116139037044185
2018-11-18,-0.8742276196466511,-1.014630386991227,-0.7810681918632724,-0.9079038493186112,-0.06115766989444364,-0.7814978088722794,-0.956680831258424,-0.6716928809179608,-1.6846487175036167,0.1729141817680888,-0.8368301741920974,-0.9585632266117946,-0.789875717299344,-0.7880855379244791,-0.17100430601442854,-0.800611780893914,-0.9068392944938616,-0.7162290904206849,-0.9629072938773605,0.2782060173640925,-0.1358514516037166,-0.5092721560992598,0.07788428966766203,-0.5642950722825268,-0.4231472660368228
2018-11-25,-0.41861080810894674,-0.5755416281501444,-0.29948912471031836,-1.0128641175779356,1.0546223414442817,-0.4100694087482761,-0.5380403253477877,-0.38757269527381893,-0.8298284418840076,1.1461266540007091,-0.35373961726061437,-0.569431836328104,-0.27849523865540693,-1.377574366829475,0.6824005513221433,-0.36966510784262374,-0.4873042206449065,-0.2769641806089457,-0.9645071826879172,0.45749729237271086,1.1336684489266833,2.328898515031868,-0.2693690749020647,2.4982051787834676,2.853143844181082
2018-12-02,-0.3144350947377751,-0.44873618279436855,-0.2658948951140613,-0.600140864179101,-0.5105834260140071,-0.34247517764939256,-0.48610812892051747,-0.2717339440176943,-0.8987858254159947,-0.019176297365555817,-0.2711196379935799,-0.4710307217077693,-0.20526190762666888,-0.9416445153343912,-0.16718177477201912,-0.3119695518626761,-0.41503856656019245,-0.16348932282891424,-0.8854933781774784,-0.30685433744867907,0.4974795563776943,-0.22769868926920084,1.960726617565307,-0.5580204221565018,-0.4709211293736477
2018-12-09,-0.7402548640814591,-0.7335410544068133,-0.8145258540196549,0.4027767032274645,-1.0668459771501024,-0.6985685828900657,-0.6604654261042491,-0.6785098162352199,0.01954746125018402,-0.8081155911179297,-0.7532339247098886,-0.8760651251839531,-0.7765861561968931,-0.18210350263396433,-0.6832257678178482,-0.8431872963156608,-1.0055108756489108,-0.8344438276372784,-0.44436230558353895,0.0,-1.2172066023739347,-0.9208109144616304,-0.80958339071339,-0.8256284291030198,-0.2375200119447486
2018-12-16,-1.020161452675232,-1.1814789063144997,-0.732925817498995,-1.1190503787908324,-0.020458222133339917,-1.1287174120530654,-1.1920862787869675,-0.9694920474204552,-0.7819338489863141,-0.3335087097456,-1.2225156032203288,-1.2936646123102735,-1.6702068030046857,1.2250063385521675,-1.4202122165423547,-1.1621178282336335,-1.0636766926552694,-1.3434840537305681,1.035929460910543,-1.608003331183904,-0.6695216364050484,-0.3348757352367968,-0.2292731268100624,-0.3105526368271103,0.4984931960021086
2018-12-23,-1.6550824589761668,-1.6808163883825644,-1.6077494577725393,-0.4728207403524758,1.112240710470646,-1.5183997401168212,-1.6136331738096985,-1.1661720498064785,-1.5164091226549212,0.4668038953533074,-1.6138325427034843,-1.9258571403602567,-1.3580639689145673,-0.8557354752444339,0.8709659180145425,-1.5127820518691486,-1.6632627279109067,-1.2892554962396752,-0.4772822226378949,0.9118787368956879,-1.4324853127759933,-1.0290601069696252,-1.307931037663249,-0.8333267137740377,-0.2838742245058102
2018-12-30,-1.3408828422235064,-1.6348676155507147,-0.901433146506326,-1.2779633637834067,0.37378596982166323,-1.3869080703587788,-1.4609585768283833,-1.2260776390118386,-0.7827306396482849,0.044558368578262626,-1.2257977329459533,-1.4613988153892208,-0.8018030595703816,-1.3002329611622387,0.5896756888598833,-1.1202672468867336,-1.3196190740459472,-0.6642917744161886,-1.1811607169125338,0.022372049944340822,-1.3262127449190773,-0.9431311459378613,-1.4424326690267435,-0.7165657639228709,-0.2971444177096443
2019-01-06,-0.8638869441143189,-0.8166236171976177,-0.6298381782284954,-0.3202794838604094,0.745323351531347,-0.8976570612041557,-0.722182146597182,-0.9509716705572993,0.2417714208317263,1.2340059772565022,-0.8777848096175428,-0.8228431484427612,-0.6377767183715991,-0.29181309879449935,0.8490625591102511,-0.7576603872697677,-0.3990341418662027,-0.563801698877692,0.4191984689190766,1.3013687496077726,-0.9071840259116954,-0.6855221572133228,-0.5922245351957665,-0.62027764115954,-0.166082321131561
2019-01-13,-0.47247017235550887,-0.49220761663160817,-0.31106695400602463,-0.31279744269502674,0.2828735891753137,-0.5565476421142301,-0.5935045423200803,-0.5609353905069203,-0.15638249306224292,0.4728356106087873,-0.44829737580094026,-0.5679113689367113,-0.16137022295647768,-0.713854210164842,0.5932574564272642,-0.508875363213647,-0.478197469868609,-0.38628246497716073,-0.08392953432106896,0.9502329219351408,-0.069040821378441,-0.3871879575892626,-0.2963628782640307,-0.35681398706591333,-0.10910966687653988
2019-01-20,0.8728004014140883,0.3440407719357162,1.0359374933346264,-0.9791772012546641,0.5380380910340478,0.6446728649560806,0.24294894424164556,1.0407202246170029,-1.1929247602968331,-0.1076028392531725,0.647642669568115,0.4606810981967975,0.4028861244570666,0.09793842424960275,0.954795172131032,0.7309379283338264,0.33993511840033497,0.9940667154650921,-1.3353106765547753,-0.4385045693100156,-0.4554148224819538,-0.36197181743877155,-0.8098574609427346,-0.21938128533279505,-0.7949852106113062
2019-01-27,1.7687208780618473,2.0110459755363586,1.0990031675828291,2.22644946587424,2.2512806544905843,1.9807386304120937,1.936508772676247,1.9384967140225429,0.40320996843552914,1.2625867764691174,1.650175494638508,1.8481550939936833,1.3508829013729455,1.3850357757625895,1.4792492798644692,1.9367373377125112,2.179159614140391,1.4775466161687294,1.6787938002784077,-0.028526507200432795,1.6707735856489438,1.167761768619103,0.06054068966730752,1.2322047034920702,-0.6796656257228352
2019-02-03,1.0874748178495555,1.167030899953677,0.5964544168061734,1.3221587757999376,-1.5924619660804056,0.8985686936707713,1.1132809221587685,0.4320114615733248,1.8271134751515334,-1.9380507022686386,1.1245349461813594,1.425789209724229,0.7382671158617655,1.6367577383965408,-1.7167880496183008,0.9379057203291661,1.107125034344596,0.6369646779096907,1.1045341754618379,-1.4231152252271373,-0.6181911969658125,-0.5548857222239483,-0.5084324143130469,-0.4987252157831929,0.038310334203339354
2019-02-10,0.30842910918143646,0.09801345661088134,0.6906035269259302,-0.8666038226661364,-0.4235233978347417,0.04126680100668135,-0.13471109062471065,0.1199690827415185,-0.6416835544108311,-0.4824641329944317,0.374598892197613,0.10534226610985307,0.5549476953102072,-0.8294042403691572,-0.31671466594843367,0.05664628781036332,-0.22377167348568397,0.28507926138290896,-1.0839027709532283,-0.45277651041565514,-0.6214439137234391,-0.5996744331524544,0.02903924705793865,-0.6351223404670652,-0.09904044952393751
2019-02-17,0.33716182061921685,0.19578958215492326,0.6305000774084254,-0.5925294568723807,0.5357431686529498,0.2382046140811035,0.4393314238923887,0.14055156503513913,0.8554251563324577,1.3476519547888008,0.5230602057846079,0.4517495057372484,0.6043608292819129,-0.1988036794648897,0.7784505642925824,0.49541924251207947,0.5190933323996456,0.5325265568143392,0.030042370845687557,1.1838680882086896,-0.562205519097845,-0.6124843108456512,-0.08051963914649342,-0.6309508333502927,-0.11302906665971184
2019-02-24,2.9416980379673463,2.944807093727914,3.0026192314386715,1.7703722836928937,-1.015624400043798,2.9530339044682083,2.9762516564573844,2.990443836081247,1.7302725798871703,-1.3568291098474676,2.860693259561242,2.799991478003358,2.863406533726018,0.8317274497895162,1.222128071250819,2.933714559104391,2.8716596968369372,2.9588998875897365,-0.5661035734857396,-0.04844384105989163,3.2185837048108055,3.2015629157375005,2.8560264944831224,3.1923960279247754,-3.266734939839219
2019-03-03,1.928015664648947,1.8285605283785913,1.7114018079328244,1.7153586554830957,-1.6874504120155929,1.8850386436752833,1.9155519541468382,1.5480895974006363,2.5673871525828105,-2.1698529987906787,2.034054441195617,2.1115653148499964,1.7375902811686004,2.4523798096102274,-2.005681650348386,1.8798933804010676,2.050287802289221,1.5651365290935755,2.4357207073520972,-2.2153257619618585,0.2548239129328044,0.07122160232706685,1.3488585122014942,-0.14932752952773853,-0.11614246715225615
2019-03-10,0.9246148660871313,0.7852727239495071,1.0730340867777133,-0.2895199088088614,-0.6207178055392029,0.9494334888785348,0.884405588929866,1.0297474335775552,0.16485936607973006,-0.17878758630955993,1.0771333253415347,0.97798558646761,1.1000207947161669,0.25952875292745997,-0.5146064511888642,0.9715642062187667,0.8301273652723702,1.0043347702661936,-0.36220846725710076,0.11253567397596126,-0.0014388207436248197,0.050509754155371046,-0.11853630693952784,0.07849381003483233,0.7139581478901685
2019-03-17,0.8064866655960866,0.8801362220999939,0.7362704143266342,1.0651866716619167,-0.1895884091955298,0.9471575735787487,0.9114632051968634,1.015265056697494,0.30134687637017415,-0.1080512227013166,0.8667322230234925,0.7949118611886287,0.9283551416175146,0.1917401847275571,-0.10310770612361579,0.9715670478038633,1.0095433518236476,1.0557069673068151,0.24399474230130314,0.2014780174813753,0.2641393924639034,0.2482147789683317,0.9242518552817831,0.12036650596188668,0.8916736908215422
2019-03-24,0.5168128945429222,0.36857982616643287,0.7656305065769219,-0.8241872540661781,-0.08598965963394523,0.5223115899524551,0.5598216232573632,0.6645654473868561,-0.0005441404097997376,0.9315840510914386,0.6383348586402176,0.4602060650496763,0.8746171271464706,-0.9077317734739612,0.34317966474178974,0.5615303153068094,0.5711417198763484,0.6863949625473476,-0.1903444011605398,0.6356495059248665,-0.18444967177787588,0.0447314066321996,-0.5161399206154362,0.14378303517020166,0.6216593691267065
2019-03-31,0.7077607982554414,0.6471071675801505,0.9447118510364545,-0.4536856915705641,0.5871147845161868,0.745571284616536,0.8089776466523549,0.8069463114366289,0.5304638634672572,1.1277433006371427,0.8426390893886315,0.9561828874675158,1.0049977656375664,0.41899235269588336,1.0877228557938756,0.8091830528922356,0.8778570783923221,0.8264354700033236,0.48364879385408405,1.2068706025749145,-0.0812363436191394,-0.21776448847376048,-0.26511214886880025,-0.20318192382474182,0.4016753594905646
2019-04-07,1.0493940971054951,0.8123271473129766,1.3657488087918788,-1.1547864431724222,0.394629486975321,0.9974241245730635,0.7972100688285513,1.2742407214625948,-1.1940367812494361,0.09734549840699704,1.2135022970313583,1.0109878626746738,1.4380698136651844,-0.8568933380800982,-0.3040557213880723,1.0433711639705139,0.915309306645191,1.1531303958698673,-0.5494646458319122,-0.45417282561940653,-0.5897824964308073,-0.5765918785628561,-0.5854517722124746,-0.558101144835386,0.06226961128434901
2019-04-14,0.6390158665443336,0.4612532557013221,0.9148079295452372,-0.9589888625272369,0.12087811685384624,0.5469714165253671,0.32611190818818436,0.7995911017735278,-1.2405843772400693,0.24234385197459501,0.7396841988202655,0.501044148278422,1.0165748152183853,-1.305541315596631,-0.07781360983261314,0.6344968514596256,0.42160927713760543,0.8601129820681416,-1.2294776063306752,0.29426168946094566,-0.40050465863691276,-0.19383727699115233,-0.37000733422846455,-0.157395714594078,0.647452165754761
2019-04-21,0.4805068820926388,0.3913414806273788,0.7421865573315876,-0.7650310472490731,0.23757019965538176,0.4955649638076173,0.48817356133543766,0.533972972182513,-0.004215399222309134,-0.12555210105144873,0.639262576790957,0.4542003383776741,0.816490758385053,-0.8401727924504527,-0.12246285945399989,0.5098920069166349,0.49577264849627145,0.6719398940294135,-0.49763061666995684,0.06426165790357088,-0.5676988437045979,-0.5298588971350415,-0.5753586005523433,-0.506796137262284,0.18329126195544423
2019-04-28,0.37295515453681927,0.2393851149226024,0.5383720060028274,-0.6456472574078785,0.9124730203220967,0.3502865366318624,0.10390206175773072,0.5528686532879495,-1.219529942713176,0.3154065951837012,0.5717222037303,0.3452246394612061,0.761737246813728,-0.9398628961233579,0.3923990275582478,0.44737670850787753,0.2695421903813525,0.5851984942975692,-0.9087167782668863,0.07108420684729094,-0.622694776172649,-0.6339570077865171,-0.8094456333324507,-0.5879718469065585,0.15599524181014474
2019-05-05,-0.28165923660854786,-0.2390952046545971,-0.21264694440074036,-0.1602590309448804,-0.6006625541647996,-0.37713498021477226,-0.340799793430353,-0.30428047300660294,-0.19436302041072515,-0.5941296034872576,-0.19433110323155803,-0.15620661603799801,-0.12371857766684811,-0.11876814301785772,-0.67701773747502,-0.30112596356981647,-0.35682148120240814,-0.21576903902165928,-0.46279645419430515,-0.5203086693113922,-0.6123279202156575,-0.5647540575270934,-1.0002162929613296,-0.47224946538074003,-0.05204301702489669
2019-05-12,-0.8428518474388194,-0.749509685910645,-0.8252714621644801,-0.14968368161661744,0.721185533581787,-0.7513668788396716,-0.6887592691105604,-0.7473856444172943,-0.004143439904401102,0.6965171005346957,-0.8712445609419218,-0.7113402000825013,-0.7701678793315027,-0.04847705791957825,0.4265098447446103,-0.866413231277143,-0.7741547795887905,-0.8551627216508959,0.10796064490139716,0.3791672223323695,-0.551923345046439,-0.5641373218281345,-0.6151895012222973,-0.5403450724570067,0.10527991365196253
2019-05-19,-1.8057849268157597,-1.5720417800477098,-1.970625520471974,0.21327094057238835,-0.9291948978432978,-1.9543453251747815,-1.7920645665288957,-2.109036028820566,0.30430299103438246,-0.7756771793484828,-2.0865729794430297,-1.7390838080149782,-2.4017620343106847,1.220064672209401,-1.5294543270502385,-2.1116105350229355,-1.9416288743835108,-2.3762025960168347,1.1749779778394327,-1.4986504572846282,-0.5242525157198932,-0.5440825776050799,-0.46994407254116805,-0.5436773940245025,0.14451022288741525
2019-05-26,-2.161405943021888,-2.2394272786250435,-2.1010425062660514,-0.47339867450529244,1.1877120459260557,-1.8074555954162708,-1.434971162122651,-1.8472169841621031,0.8805563207004986,1.4929311716261056,-2.0719284340638158,-2.161627745157199,-1.8307295652385864,-0.6087675232203745,0.7114110197060921,-1.9560289667988764,-1.8121347736834923,-1.9224620196437565,0.4697092511615886,1.3906182635128819,-0.1362721287518721,-0.44305352255527636,-0.20157646568564389,-0.46907858896466614,-0.36676264263321806
2019-06-02,-1.6658890625732188,-1.4196671899762145,-1.6682886966837769,1.3288602733030404,-1.6562890093799725,-1.8776018468805198,-1.9590301840415085,-1.7979003486036849,0.7181525303228373,-1.2832581835195553,-1.748701015690871,-1.8562042643183239,-1.5153123816420893,-0.5029846348975802,-0.45998973605455673,-1.8236505425157736,-1.9121216922998792,-1.553438220195828,-0.3110855084191288,-0.9507189717571513,-0.3101069803677578,0.037224650043741085,-0.7912114710750675,0.28349775829208074,-1.8334567605617442
2019-06-09,-1.3975736585891672,-1.4801022676406856,-1.3060041604176686,-0.013845168744193002,1.5094684165392596,-1.515526919378425,-1.7918535813847976,-1.3713475166633695,-0.525362490019483,0.34344882337676824,-1.3609221631978463,-1.4897117674898925,-1.1790183574407314,-0.7300050468806966,0.5210009183858891,-1.3521171720755492,-1.445903735186787,-1.1385323358652455,-0.5822922025933782,0.05478483534574196,-1.2195550268919066,-1.2366199187650724,-0.9626649662923498,-1.2047411048405403,-0.2414041262269667
2019-06-16,-1.1985154313284099,-1.4494437204551827,-1.029720039090949,-1.3210572688919708,0.17134796747719264,-1.2560059018978278,-1.581043245946618,-1.1191884935229501,-1.0057842961837316,0.37873369760011416,-1.1528095900182755,-1.299645475441254,-0.9863634102675195,-0.9318242540582934,0.15786986376918,-1.1879568200004764,-1.4006194627583883,-1.0888465008785833,-0.7650104618126371,0.2965486273833036,-0.9499705411225734,-0.9486406160186728,-0.5822608067787073,-0.9397554271358171,-0.21822947800294948
2019-06-23,-0.9432667332205503,-1.0797129122958373,-0.9000653618374808,-0.4803844614152601,-0.4417067976666146,-1.1011985352691485,-1.2771275463052507,-1.1028437661863826,-0.24684086197230914,-0.7372247502150641,-1.0017666093283502,-0.9700078432571778,-1.365268509056594,1.4893382686880035,-1.5834769238748174,-1.0718842516988103,-1.1011702601366504,-1.3850996148471773,1.5437363149774879,-1.3915703050437667,-0.6191464877998221,0.3006324149339069,-1.498506567752416,0.7070818261046016,1.1903888573688735
2019-06-30,-1.5003034919463973,-1.5486713300026567,-1.4142297923703433,-0.18642532613430743,-0.693547072718386,-1.5218059997266258,-1.4860193796488894,-1.455252872162972,0.5327124211478724,-1.1559557251451624,-1.5035565094830252,-1.6141746725388024,-1.3606740612068087,-0.5675068961365966,-0.05302860083981306,-1.578623315891159,-1.731398723768518,-1.403704344413045,-0.6754113942334475,-0.33319511613176117,0.2819641203794931,0.9536839670941527,-0.9043068061131456,1.2201797651656767,-0.5180226190271502
2019-07-07,-1.7238879894662904,-1.7327518600581782,-1.6087999251157517,-0.5107539184552472,-0.48460712597729927,-1.8623983718995807,-1.9515365350755625,-1.7175618233645993,-0.6572125562278492,-0.42740736272384827,-1.6762074225115304,-1.7145065833130873,-1.499719850986534,-0.6105067628381312,0.007977754108645882,-1.734029455587969,-1.8329060262117356,-1.4954388172594602,-1.0174734672051617,-0.0867905688848629,0.16150785846462032,-0.04852222471497699,0.7351750396764479,-0.22181550964029909,-0.5445911387985536
2019-07-14,-1.6480265154358071,-1.6927410714241689,-1.6130715553043775,-0.6866818791312543,-0.3769398298153365,-1.7481511554589637,-1.781955170928589,-1.7149124908149984,-0.49389607132927654,-0.5251440370643498,-1.6254790783224982,-1.6092627467640124,-1.5773502360244105,-0.17369612022415443,-0.3064959230999994,-1.6515787180969332,-1.6789155609510307,-1.5320106649031071,-0.7369803445740887,-0.24186515311896256,-0.8049208762319289,-0.6530852640835826,-0.49566271191851,-0.5279053344636337,0.41952229761316534
2019-07-21,-1.4199416394894155,-1.4434979078557015,-1.5073082104780224,0.05120333741941673,0.9038578520181786,-1.448155807316633,-1.5018694387880207,-1.4741868577242192,-0.21815472443555373,0.7311325137601598,-1.455386375328835,-1.3728421535122206,-1.60188555667075,0.8939482377179055,1.5567759234942304,-1.4405544333786682,-1.3876469175706239,-1.5646043495787871,0.7337939434422139,1.3731109624574958,0.8010016125262633,0.5423061915303701,-0.6749155778037439,0.6851357118370337,-0.6859706126297548
2019-07-28,-1.4279562777677164,-1.45374484977789,-1.563157796561064,0.12494916839283601,-0.7137346447403445,-1.4509574401449166,-1.5090899517451644,-1.5004616464327147,-0.7353632578814381,-0.4523404471979606,-1.4496545419122477,-1.3262795257868267,-1.573404711112714,0.8378074864838118,-1.0242964342648293,-1.4432788564282362,-1.3663167987570106,-1.4500273734402465,0.10855703271360889,-0.6733761229422451,-0.2512314780681407,-0.2548622109299751,0.0819974130582455,-0.2684193714016635,0.6941703043293981
2019-08-04,-1.610093045124622,-1.6294414590135102,-1.518566946241502,-1.265459319942343,0.7827444166215847,-1.563006844923235,-1.529591519866701,-1.549218997832966,-0.7572239389252817,0.958400064068602,-1.6161953008485597,-1.592259344290336,-1.4699245048683618,-0.5363734299017884,0.7923769334516462,-1.505616351384009,-1.473841405460817,-1.3988977812435117,-0.808581155591018,0.6454789287391882,-1.371152483606272,-1.3798966013961556,-0.9704550786144156,-1.1606234896384644,0.14211682026611833
2019-08-11,-0.6262504418172529,-0.2818600899807738,-1.210525305425318,2.6200857817227194,2.0509197887176884,-0.4760273489290181,-0.433999505217645,-0.96506255913484,1.867004953374823,1.6854517959244153,-0.6173868652667177,-0.38925430796529753,-1.1783827472809527,1.962868039893299,2.058982310329877,-0.5046543448498987,-0.4511331585691338,-0.9565480459442504,1.371924023935063,1.7156484460590995,1.815216592151858,1.9564816626077206,-0.6286242428674885,2.0296152768669957,0.2893662029160311
2019-08-18,-0.13044757775597615,-0.19188528949497727,0.05033426678399369,-0.6393629422522379,-0.3233290340076753,-0.2429035546688835,-0.3517627647000937,-0.019149312555689513,-1.2328921192086826,-0.3128809283510825,-0.049489729502043105,-0.2086675817136629,0.20596172465934254,-0.9858753203656501,-0.029267890056332953,-0.16054168394477322,-0.3409795603957004,0.09694134836062357,-1.3253432489013992,-0.047484644168325485,-1.0956325554684119,-1.0289423797993518,-0.9638134684087191,-0.8761509228280496,0.3561997288650244
2019-08-25,-0.10343847377787284,-0.21451478041339764,0.06678340619543334,-0.7035018826003325,0.42076406182231346,-0.11490366762685708,-0.3087078399237244,0.11876152993938145,-1.4404472847944774,0.17035819181805686,-0.058534228809315324,-0.17928820340198498,0.09502837625109115,-0.5992736047355952,-0.1662672535175463,-0.1701382127401071,-0.28515205563029505,-0.01960191704688603,-0.7562518225437856,-0.3591761938264469,0.0026498858486519563,0.2257163385281389,-0.07192747870981796,0.2338234011413733,1.1929672213987952
2019-09-01,-0.4584719249211697,-0.5299843092401959,-0.36015891766653463,-0.36236907722535516,-0.523928016650009,-0.44734521673265004,-0.5556147303867074,-0.34734724220937957,-0.65755630052931,-0.4608576062452878,-0.4922522564614883,-0.7066952734153766,-0.193733271187218,-0.9378632483297226,0.12299811785518554,-0.6045497679516801,-0.7894826931278914,-0.32521062223467506,-1.192077268190411,0.2481098618914136,-0.4261185151903687,-0.26818625155760123,-1.167780952728696,-0.1099911428033572,-1.1152047616842469
2019-09-08,-0.16422376062492258,-0.03906453665130088,-0.2487865286588182,0.49734479644432106,1.0967151967296787,-0.06543413857395704,-0.06428932635979218,-0.11273398106458231,0.15063989615691317,0.8291845860897761,-0.11062453449964814,0.030996739288701853,-0.3008410421459183,0.6169112441540223,1.076941273982004,0.046566715980050966,0.16792315076258355,-0.07866829677457735,0.5185847873962479,0.8199177025307425,1.1721046197602716,0.3790247205555136,2.2409732249441565,-0.054200171827601666,-0.9355351052819194
2019-09-15,-0.11035246672508241,-0.2291316479542259,0.12703807713610327,-0.6830156607205219,-0.4413886534302052,-0.23609996970545913,-0.31793007487516073,-0.03158398415008374,-0.7197239483052278,-0.3631403572324482,-0.017909153593334916,-0.20252778237136126,0.37810800355316465,-0.8616141498668181,-0.2163868979042349,-0.07896646447899065,-0.16190577235537085,0.31396202471797063,-0.7655965608516847,-0.3426521741919509,1.3644987392454724,2.6402507924934544,-0.464657472070134,2.6622569629880632,0.32145998561073225
2019-09-22,-0.4719621133326331,-0.4417027360796629,-0.2952264024511377,-0.18715764440832097,-0.5560630624015028,-0.5464575773206364,-0.5357215289769326,-0.35489046266679186,-0.3499037694470094,-0.566315073809186,-0.9187532401696297,-0.6801276936061619,-1.6600294734328298,1.6959747167387618,-1.8353849652590541,-0.7103043586810729,-0.26391057889733843,-1.472989813672544,1.816579103405236,-1.9055212539837354,1.8617132469582378,2.1810009121306484,-0.6560762197270628,2.200060105020536,3.0465648493178374
2019-09-29,-2.1969198129715566,-2.0752051978237693,-1.8218910153906318,-0.48546982472784517,-0.31036051207499077,-2.100628264742506,-2.1528024353530597,-1.833682045392814,-0.4618872074974487,-0.5542845014566117,-2.0018503909516774,-2.2001457022806354,-1.3508906483663747,-0.5069802372104162,-0.2969222397371634,-2.162481846525602,-2.363478165159979,-1.731422204789908,-0.5773375644763173,-0.2733895308867338,-0.4716215960274869,-0.5383445497669158,-1.0332811401935074,-0.4347138683619989,-0.17038232143275947
2019-10-06,-2.2983960322192245,-1.9884343421631248,-2.234125759205722,0.5764720911082062,-1.1999818695646332,-2.280218144871326,-2.1544338402190117,-2.231835866956779,0.5460026631623414,-0.6808759395992481,-2.267562884863975,-2.111602630246855,-1.8988892554290888,0.17362119448079752,-0.5363119787827842,-2.330096470177971,-2.2147399003686257,-2.0755442842869307,-0.10575737621244366,-0.5352677898790777,-0.599162391378366,-0.5553059134898887,0.816876660659385,-0.6155903360234344,-0.3223772756296322
2019-10-13,-1.9456842646815042,-2.0300701113789867,-1.8638030706083228,-0.4572163223620197,-0.5201870820315248,-1.9600129141465188,-2.0944250098459025,-1.85097520780101,-0.7507070701712638,-0.3538667408482234,-1.8484606906780243,-2.0187422602188985,-1.5214021641385547,-0.7439885929000524,-0.2969222397371634,-1.893857729247595,-1.9689532535316112,-1.7279702143256794,-0.6285219566442187,-0.41369708364656527,-0.11861026001566718,0.03696367723755324,-0.9326549526600851,0.11692636035090931,1.0792319521930134
2019-10-20,-1.2765179525674164,-1.1613265530023464,-1.4486908763227926,0.7730496888138906,0.8850905709781128,-0.9474652369829494,-0.826981267121181,-1.1008510196377879,0.9178589407905584,1.4999705680704414,-1.205431513980105,-1.2679776774665208,-1.2175488962625187,0.007009245012022888,0.6792383038788814,-0.960655159745387,-0.7721225323245079,-1.006098061352119,0.5536007549099432,1.283629166979958,-0.6879975707974607,-0.7689389374831457,-0.12841765319856577,-0.7504418541093673,-0.29780338245374305
2019-10-27,-0.11173475399214085,-0.27162221098489603,0.06731074424829878,-0.7953045318696392,0.022699502009294648,-0.1619030354376796,-0.24812787013110774,-0.07758723143965424,-0.5049738553474488,-0.48838544999466743,-0.07199177615774657,-0.17697478353809823,0.13357095116141618,-0.6056643355205261,-0.1931647688724104,-0.10638806025443814,-0.211055745564897,0.0462272380143901,-0.602180045571539,-0.4283086374073236,-0.4338207239278151,-0.6293073891692758,0.7288499742614767,-0.6830183170804184,-0.6717234999158533
2019-11-03,-0.30891813192785494,-0.5098867153248965,-0.10746300998619436,-0.9175974334863247,-0.1229963892661833,-0.3342297774684606,-0.4883593971969297,-0.20186272362040414,-0.8232456189273295,0.025415796631010353,-0.21153005746539644,-0.3692474314281869,0.07351689216184679,-0.828417308737439,0.0592903726672565,-0.24665520710864453,-0.3201646450991255,-0.04088909055954093,-0.6429397699850401,0.31100756410445546,-0.7055489854899116,-0.7297585450640626,0.8106316083623627,-0.7861639868930993,-0.37190903366019207
2019-11-10,0.9261626373258488,1.760226319954595,0.04499182254206818,3.0812706011818976,2.99744074332966,1.177327142354472,1.947947417907588,0.07983183622043236,3.1839745478563066,2.9715364000136395,0.8147317585583496,1.395626545214655,0.21163907444554847,2.2208024803022783,2.333019432664132,1.038551907856533,1.582030701704345,0.30461448948287284,2.538175587618557,2.402910241661144,2.671063325383015,1.3787119184293888,3.115434243501132,0.6942635034021272,-0.25269881116550413
2019-11-17,1.731344222460853,1.5638060382229981,1.756961849712564,-0.11967864150762278,0.5016798056456164,1.7261717849858162,1.471373341119298,1.9162799839278037,-0.5094803668285337,0.03356184332050199,1.6984370726233176,1.6813753538281135,1.6829715616420813,0.1788224508592003,-0.25450685883741975,1.7627738193018394,1.671287404539434,1.931405587615681,-0.2601750048295771,-0.05389574384151044,1.0905147641722357,0.40933370162760074,1.3944533819813452,0.05153640028891631,0.3080612710686876
2019-11-24,1.2089180289721255,1.0812270701153521,1.2376149438504491,-0.10215121293314407,-0.8270831623517719,1.1468610844724163,1.0848246272509499,1.146808937363912,0.1348098055126308,-0.9398676617962491,1.1845198547969424,1.232158194646563,1.1246789394346912,0.47282549799085044,-1.1061821693705771,1.0915916567968507,1.1162445747722085,1.1102880191777054,0.2666642610147839,-0.9745701038343166,1.0507716335942747,0.4336083550386765,1.460864420526116,0.018439766676106386,-0.15100308267504717
2019-12-01,-1.6518888211088694,0.32786049272235207,-1.9257389560867793,2.782897296862593,-2.6540764835347197,-1.6792719819728175,0.4755713978998817,-2.035214118885804,2.81927328736905,-2.738956213912695,-1.6416247814836775,0.567110318997859,-1.9549091953952706,2.948935182811803,-2.7143124578773254,-1.6294022790740101,0.5561085522403327,-2.0027294999254055,2.99798980640391,-2.7209092002213455,-0.07687601420453892,-0.33844998231398704,-0.0611611233511972,-0.33793638871382137,0.3579977969722181
2019-12-08,-1.6793916757494913,-1.9787199912582356,-1.461567410099531,-0.7312324614417771,0.14375980534694205,-1.7033624800386968,-1.9601135775468195,-1.5190652031781686,-0.5825258433986736,0.19859927863227023,-1.6809024573436575,-1.9607972088217362,-1.4526838706276262,-0.7243296833762158,0.29332972873779395,-1.6978406012824707,-1.9792217977436346,-1.500528723658474,-0.6485926739815614,0.41304266165732684,-0.060458525120694336,-0.2645200486405253,0.38173843299572785,-0.3922376891193242,0.3284554776260528
2019-12-15,-1.0319267652703072,-1.156889287602802,-1.0405395262005426,-0.24699072462562882,0.36725484941703046,-1.0483177897713036,-1.192071349081859,-0.985279071736616,-0.35231251025370963,0.21202645092988812,-1.118266532134865,-1.210799138998025,-1.0447450190421388,-0.36297712116018016,0.3639801341638461,-1.1117062026464444,-1.2815352438234375,-1.0640565110334141,-0.40651701096594267,0.16685870450350868,1.3481759471627144,0.48312938775269465,0.8123922828026978,0.25115321434359617,-1.238050520385664
2019-12-22,-1.0398007472794888,-1.1741307735707007,-0.9477947958407604,-0.47497127221237667,0.17104283424330638,-1.0683799330906822,-1.2308405940006406,-0.9377592456317742,-0.5523492054499949,0.1620832557955571,-1.082596224364427,-1.1926082770780642,-1.001650342133577,-0.4372549938162083,0.35623639079357167,-1.0644628025270222,-1.208694831795085,-0.9837647237772932,-0.4557712365907182,0.24338683725081414,-0.5184882670479611,-0.5190147551928928,-0.5083572538614913,-0.476755195796496,-1.517059601303455
2019-12-29,-1.012527938151476,-1.1766996680443074,-0.9055813353858421,-0.6082898999732391,0.08699434434012279,-1.0505661182350792,-1.1734856420202182,-0.9673027747152994,-0.4902568786810179,0.09726371329116625,-1.0185015647521374,-1.1512518750077354,-0.9182059080233608,-0.548356801252459,0.32944722410463334,-1.0396641517840546,-1.1981542510789929,-0.9422456251350151,-0.5631814366198153,0.2726895178296562,-0.39996699724252155,-0.37646113211784665,-0.5647933601138326,-0.22809863332979471,-1.4643489755558075
