Date,GGN_Open_average,GGN_Open_max,GGN_Open_volatility,GGN_Open_change,GGN_High_average,GGN_High_max,GGN_High_volatility,GGN_High_change,GGN_Low_average,GGN_Low_max,GGN_Low_volatility,GGN_Low_change,GGN_Close_average,GGN_Close_max,GGN_Close_volatility,GGN_Close_change,GGN_Volume_average,GGN_Volume_max,GGN_Volume_volatility,GGN_Volume_change
2016-03-27,1.2253256566420005,1.1452249798219654,-1.4407867180168878,-0.12688186988204658,1.1792693019696814,1.0967258321574855,-1.3893900848586502,-0.2602708923473991,1.210801929185273,1.1146390481788755,-1.005173201238845,-0.16790856075635496,1.1962936116375673,1.138673024232078,-1.2661676728496174,-0.650226226531381,0.7251119663205264,1.5501947698999665,2.1556699082182567,0.7956294760136255
2016-04-03,1.1548771132949363,1.3067700403952804,-0.14837011469443198,0.6669991701915947,1.2615593355774817,1.6406097886262165,1.8486964268206492,1.5874838251474868,1.2045251809247564,1.342013286603787,0.44526709943777665,0.6606919628404365,1.2030386135179907,1.555873690106081,1.8569989975799723,1.3816229362542898,1.9296770402237708,0.7551852227629451,-0.09204040027156499,1.0081592204813856
2016-04-10,1.68042083406015,1.7529695667276166,1.5524802573077054,0.04207832300555461,1.7069592971118257,1.6144412366870224,-0.40872162197410505,-0.7345947677622164,1.614621971204343,1.6517398622696144,0.6778693155619996,-0.6007004847403326,1.6651680874534858,1.6308923152699473,0.7287818290125786,-0.8823790888404923,1.8830181843238571,1.1483337538702711,0.08388739331229612,0.3465810048398257
2016-04-17,1.9767749350735395,1.9907524639787573,0.05924215929796239,0.05387371649708413,2.0039110839693066,1.9367705905938164,-0.5530041932204648,-1.1576330321167152,1.9003908790612547,1.77299081567437,-1.2468059043331592,-0.7430014308417687,1.9471847261026725,1.9042397595744447,0.00535415588013117,-1.8502668304205219,1.3997629080947265,0.8041284977677022,0.135887061755837,-1.22604007054036
2016-04-24,1.8208069442239865,1.998605127112454,2.146292146700529,2.1319982795756163,1.8055333925477226,1.90323007849492,1.4714362272588464,1.4277287114369734,1.8305191308567725,1.9979486037943217,1.8792369545992678,0.8678498060150531,1.8699627923742894,1.9232600855250443,1.18238775569627,0.7864283965636586,0.5765346043017752,0.5522838687230177,0.7540981788103934,0.7560110265949808
2016-05-01,1.435819049540933,1.4812975290025143,0.8586884359145812,-2.1388695487930516,1.3669869764621765,1.4097983060382702,0.9078101106285686,-1.8305985159267337,1.372792476658325,1.3347444483156607,0.29799255273185576,-2.22204099732967,1.3166226579435032,1.353926428231486,0.6794104083446514,-1.8616786650530726,1.3591971935590033,1.2664404770020685,0.9037725833376457,1.0610983654978907
2016-05-08,0.9805913795382168,0.7748207679716433,-1.2479704484096685,-0.3603464003266263,0.916842593032217,0.8425757289816387,-0.5820952543616564,-0.255039683964784,1.0747017169778557,0.9481099712298806,-1.0289915108550476,-0.6871283607577429,0.9795770097361841,0.8410182345593226,-0.9699484522385751,-0.48202086573455205,0.021156641609848047,0.7250542245848027,1.199795517226679,-2.4281983975680688
2016-05-15,0.6834050052826414,0.5511786828163635,-0.672467556210956,-0.9287017210375368,0.6853357754784366,0.7150945808466729,0.10207955514039428,-0.8228152527582758,0.7504967276597047,0.6873358798679866,-0.5229143890019526,-1.1794647777098393,0.6680003053330198,0.5862271811832273,-0.5723723755641112,-0.961622866889982,-0.6172591180057758,-0.8501214947277761,-0.6991063060124582,0.2003456493832748
2016-05-22,0.3547430027613169,0.20120120780455916,-0.6104670013829966,-0.03511354669815666,0.329986483032023,0.10845894883951113,-1.1819433601774363,0.03861614753277031,0.4089225842429917,0.2295131290746091,-1.0217099981351874,-0.058120762038252324,0.39517301032677754,0.2079132400983831,-1.0086980135080283,0.002565180751263949,-1.227933450852588,-1.0514339246966002,-0.60130672847234,-0.9346374211759133
2016-05-29,0.45411416880459465,0.38843709446993857,0.12181048084731742,0.879687700962538,0.42329641406739976,0.3038011440835077,-0.5335279472363617,0.5069598363704909,0.5644091792270991,0.5232012084189597,-1.7190907833669926e-15,0.9414277978188741,0.5457087025031316,0.41035151102636325,-0.623224613181904,0.6050281366722035,0.17527538334629508,0.702949353350947,1.3148216301586426,-1.3886311781260363
2016-06-05,0.7744947256830862,0.4960314434976909,-1.0892672723012207,0.021167429761863366,0.7218060912823644,0.5103263562242256,-0.7988314244595428,0.2737134795859426,0.8693573405069592,0.6270822013630244,-1.18786367566464,-0.07422044879070151,0.7436517056147561,0.39475280350460346,-1.5746523295927912,0.019792868225987973,-0.12757872690049304,0.6827916550378572,1.0549061240778668,-0.058752341397501816
2016-06-12,0.3891730682724925,0.2702523071538716,-0.4285653611625128,-0.7153119023618951,0.3630069250831196,0.13347622388448438,-0.8595950514971314,-0.41645230244758097,0.4698206452508631,0.23343255856314007,-1.079047138905011,-0.6202059425650756,0.3574755037277717,0.06136589312109032,-1.0976438163555093,-0.13309926654580728,-1.1595431181168736,-0.6230493200419784,-0.024329184411700795,0.9399900163508883
2016-06-19,0.3636730146626095,0.13622635562235055,-0.6751666167970048,0.25712916396968916,0.24861988593648668,0.07608094509557432,-0.5655230601954815,0.33468279056377576,0.5114682739722096,0.37544068311657636,-0.5066721497803621,0.43247237679010914,0.3534825142169694,0.0818119510137063,-0.8067371921566507,0.3975780045531899,-0.8975070042143481,0.04327518520414094,0.7678458168114114,0.7487827212678124
2016-06-26,0.5412495947783159,0.18958841271031227,-1.1149041189326814,-0.06285861710957094,0.4268414593180153,-0.014396324960624911,-1.1697439237451681,-0.07543341574360964,0.7518356656568699,0.40560475962477976,-1.0824585785547998,-0.07358215097755665,0.5685623044500437,0.11177397241902731,-1.1863586340186687,0.0726728321381438,-0.7693156946861824,-0.5832828273807683,-0.08715499109332545,1.1521504592930463
2016-07-03,1.0159458883759365,0.6126054461976347,-0.6832084771076311,-0.30302589726798723,0.9535766804400914,0.5866589443374113,-0.54870307213785,-0.31508702229459373,1.276689898769321,0.9774429781860764,-0.4052090241043667,-0.2306200242127012,1.1304878179251026,0.7753988248263265,-0.5100468043542602,-0.07555708669440132,-0.1720604766240573,-0.18682423620150418,-0.41498774300585756,-1.0854714069127454
2016-07-10,0.38846202946244823,0.030013536934699863,-0.6773764747923028,-0.47520176044114043,0.2299207279410272,-0.07076827449670016,-0.7397456653757181,-0.4217728135437563,0.6581451496358298,0.28674758857299015,-0.7439882803030459,-0.5540143260525671,0.47382001352984326,0.19385515644564635,-0.4647788655317578,-0.43950814075882333,-1.2287887010664793,-1.501214647737459,-1.3272591337607276,0.06526038208826383
2016-07-17,-0.03893104265732422,-0.4057625468012022,-0.800947998520252,-0.19345989143177,-0.1297197159661233,-0.43736304754283944,-0.6731771672313387,-0.2483780924435818,0.14599180644801654,-0.08485316008252392,-0.39856515016234684,-0.4408890248656315,0.04156390267167644,-0.2454747735785313,-0.6968538778795251,-0.26608486239330803,-1.1249323286899,-1.3737781715789341,-1.259083064105018,0.4047995320711695
2016-07-24,0.5030444759916454,0.29122266953370773,-0.2441476733674624,0.7559261991227322,0.44354128460438563,0.2826786110417474,-0.10082907523106585,0.9380439145653192,0.8579983080239525,0.8193954159958294,0.06760629615939567,0.9727433202583066,0.7484024150341659,0.5119345363423169,-0.007676576985265507,1.1090026706462122,0.1433695863948708,0.17530814161282648,-0.11945111329362215,-0.2744326150564477
2016-07-31,1.1020320651709992,0.806380004729163,-1.5747087861442064,-0.5919587207414753,1.0721832779220382,0.743544824338171,-1.147112895692732,-0.034832423735162765,1.1637549925132435,0.835620054005028,-1.5627941265897718,-0.1612124586480862,1.2482538484225216,1.0082016605001682,-1.1477077826879283,0.2540267377799437,-0.43295185451994644,-0.6108640545349462,-0.6392785612628857,-0.5670890778351656
2016-08-07,2.1365359660445575,2.4963776767837116,1.7967793848349698,1.3975374451979408,2.240812882702966,2.4666559541706863,1.849391632075931,1.3446857167055382,1.9955903110368598,2.378976159058135,1.805560661737721,0.5412422736772384,2.174600577055852,2.4863722497530203,1.9054748179907932,0.5196152422706558,-0.27726431935909535,-0.9957162952678914,-1.3872296998317226,-0.08483013661645793
2016-08-14,1.6036051608868442,1.4832355701032545,-0.40284550490761944,-1.070530792781899,1.6321130245455964,1.5399331370823097,0.37200744022321147,-1.6322397624327205,1.4972886156484415,1.4660849749571563,0.892749438303646,-1.859661821767429,1.5613731342801755,1.4836769192436596,1.257681735566772,-2.0166035629162806,-1.1221186242408534,-1.235091510130086,-1.2309675490508478,0.5452264321747899
2016-08-21,0.08794118619070115,0.41059280447115654,0.8608336512828271,-1.7123786778444108,0.11986936862017254,0.3351399922607185,0.9883052817822289,-1.5897234446193715,-0.048775758954409214,0.5139293373133903,1.3095207445917871,-1.5684632816203712,-0.12366112721755593,0.39832758446687644,1.5253299189477727,-1.4993900207140736,-0.24972524358671194,-0.286136133854321,-0.1607956897049669,0.18677595519047288
2016-08-28,-1.11947404813917,-0.8882780495437788,0.824990735019356,-0.9345214082897304,-1.1599722625836015,-0.986587473642909,0.27237537671071205,-0.7780639873924201,-1.3579314860288678,-1.0042185748039563,1.0381420442154057,-0.3018689983961554,-1.1952710629296341,-1.0781077568360424,-0.3586546732484391,-0.1609329719645708,-0.20927272374340994,-0.27502484542606365,-0.16185277834402798,0.5495128923278031
2016-09-04,-0.4402726743956779,-0.32788917673079127,0.46844935226381057,-0.4607709201222239,-0.4229663183339065,-0.29652176715706824,0.3881547167268766,-0.4376756646113123,-0.4441355176380524,-0.41692090243330465,-0.1489927373880672,-0.2350804628991442,-0.34204221674624263,-0.42186474348789443,-0.3326122999704364,-0.37102269491560774,-1.2340840902655448,-1.3513696300587763,-1.4305890632308902,-0.37320460355406304
2016-09-11,-1.3257418679360295,-1.2245518584360213,-0.3993478586928079,-0.7820618870057778,-1.3543120604127752,-1.1444201896923858,0.17845133804752805,-0.8097763301789178,-1.3288160287525843,-1.247735488551764,-0.339410506958228,-0.5129028281435895,-1.3178104063081988,-1.0012138751578032,0.2656369677684002,-0.9032430803257699,-0.7120933156212239,-0.7269899482801515,-0.5948780074921912,-0.5368966469020886
2016-09-18,-0.9654187452872722,-1.0082320148621182,-0.35561338851367486,0.6372077056897804,-0.9490014023089028,-1.1338512817371555,-1.1709753985963633,0.44079532453817843,-0.8930891191240969,-1.0141774137536972,-0.7800325020313894,0.2715586233342308,-0.9636675621543637,-1.0903042839915198,-0.7777416475921258,0.17739371879673016,-0.8598170329561472,-0.8765904050775826,-0.8138262517545638,0.23688444833065497
2016-09-25,-1.1970772849167945,-1.16720480956118,-0.5360819424562644,0.34405914128390636,-1.1982593258415202,-1.133770382846424,-0.55080933550601,0.457977604160677,-1.1061627450976301,-1.176152490485461,-0.9519495682239684,0.5118512741106216,-1.1397668925084448,-1.3228309397806903,-1.4195873209031002,0.5942453734500692,-0.7909788012911495,-0.5179723178605365,-0.24883454645937214,-0.13102405375736295
2016-10-02,-1.8778980609931473,-1.5158667711401064,1.209395453372207,-0.6741071488356246,-1.8525304553041233,-1.5929074859292078,0.34548299708859853,-0.6520772031002389,-2.0460168551676032,-1.946828967405926,-0.02047203372524902,1.494334755893156,-2.0062227908682315,-1.9898350896403798,-0.4453579691127833,1.2666355516630283,2.1553796450301443,2.025080657492659,1.8993037254579277,-2.342442980278146
2016-10-09,-1.7064496939768643,-1.696808017487255,-0.3614669175639677,-0.4186280410528113,-1.6820521473919532,-1.728595286811858,-0.459826971175612,-0.7100796809224715,-1.677135521429867,-1.6340176830416733,-0.5989501304292781,-0.7470873676376341,-1.5959646011557065,-1.5117463672911848,-0.2924299537468589,-0.8142657117833738,-0.4613579770346993,-0.08368498329903697,0.3855425523997522,-0.754842171198831
2016-10-16,-1.32123627893707,-1.0317877646393847,1.139116474391095,1.7999955621856651,-1.2056446228377264,-1.07048065082989,0.8199915944199049,1.6443888911496072,-1.3193671276737822,-1.2274699956894515,0.1792355686291275,1.116844252057534,-1.228267360855641,-1.1089799549103394,0.40906938385998287,1.1586418269116692,0.41110375197793453,1.5509261003858017,1.7771724724941977,1.4193332562227583
2016-10-23,-1.015005453809303,-1.141669017842259,-0.84598439509654,-0.5218009789123936,-1.0716987269901261,-1.1572589758713774,-0.9372777904962473,-0.49379893776710637,-0.9779411362649192,-0.9589678367279504,-0.5813914551694013,-0.7094891924322829,-1.0794145715847416,-1.049056731707821,-0.5844737338580195,-0.5986139049365808,-0.1454897438413501,1.0213208131813747,1.3622330730042669,1.661283709372741
2016-10-30,-0.9192806676835089,-1.0484531145432818,-1.1303097184024222,-0.022211712992363283,-0.8925437553669093,-0.9305393297675104,-0.8838182133334082,0.024938218058720065,-0.7826614879720618,-0.7972061759180566,-1.0050963755687408,0.07350193050762256,-0.8575479722529902,-0.8413045119002495,-0.7694361583197314,0.022151937761412506,-1.2331209672740553,-1.1413251606272778,-0.8175252625560814,-0.44315008179059706
2016-11-06,-1.2854115372550134,-0.8587671581205596,3.081253868673647,-2.640623881224094,-1.3246412151660538,-0.8133136304520323,3.1797425710349256,-2.7167594439006315,-1.8964718219102445,-0.7466969064462926,3.259031060971103,-3.140878455145867,-1.775585260991898,-0.796227592733044,3.1828153767142333,-3.0118850001894923,2.4627655503793853,2.1774034770632116,2.040506948839191,2.343725484653959
2016-11-13,-2.547762113965731,-2.4745093014166035,1.6472928387047572,1.439229709205065,-2.2853615283512103,-2.3171554854494776,-0.27606780181697804,0.2592767398096991,-2.365216756107133,-2.377499397045128,0.7920968860234818,1.0443243985738342,-2.1846168368597265,-2.3359457520589046,0.09041290745984047,0.13177004231405387,1.658126459549545,1.5085441985733163,1.1883341949922364,-1.2613101280945118
2016-11-20,-1.6717642708131735,-2.0179583984973575,-0.8576900278702334,-0.07670580566840901,-1.807659443998779,-1.8953488216708512,-0.18069892482565497,-0.018134172414187466,-1.516801007045275,-1.9821095887454763,-0.6072947269034723,0.22200474183201216,-1.6042144970303573,-1.6242142249062135,-0.018196642201978933,-0.10866871548902891,-0.3501908201895431,-0.38695973368695225,-0.4609444758814318,-0.9196082985297699
2016-11-27,-1.4773551287076814,-1.6983845194240716,-0.7283579351394729,0.2268467471095976,-1.6297206941802207,-1.7566923381476007,-0.47230278419513666,0.5674810022621392,-1.3062647999529402,-1.6020168576195428,-0.42941035980119935,0.30070782816594693,-1.496898893070088,-1.6071061303477103,-0.3060991285282506,0.5283849665525158,-0.5776865484534183,-0.42271597037549424,-0.40829485906103324,0.29629216605108366
2016-12-04,-1.7247818592486346,-1.442453460990543,1.0915309489602067,-1.6655335639852826,-1.837705087077653,-1.6276443402422462,0.8998666618807084,-1.0743055334720466,-1.7313054936290855,-1.5683062661386948,0.5516706318517214,-0.7690929085395667,-1.895053147442052,-1.7922711429423162,0.6045754056796501,-0.4668941167957343,1.2277501736717256,0.7776165653032932,0.45345484361520916,0.5828857749196873
2016-12-11,-1.7576066001553234,-1.7178125962400896,0.4656036379940346,0.08999725012603567,-1.859112151667659,-1.8610968787357096,0.35731710184301524,-0.1395751283644799,-1.6989798588518208,-1.7679293328940064,0.046886580836854486,-0.18354801944436933,-1.8148837156541038,-1.8581127197154268,0.2013444306107481,-0.2793298947576305,0.04206370941258162,0.31466991511990067,0.18694968611900484,-0.01914478116574749
2016-12-18,-1.659700028236409,-1.8781739527888204,-0.9256459641268715,0.24960882081012079,-1.7537047213980266,-1.9325820764914807,-0.9254519359706291,0.4816213145408843,-1.5521260110162323,-1.8181158488817746,-0.6792729323118729,0.2873975567615806,-1.6629757035565091,-1.8894045228623055,-0.671165378959032,0.3691145037868705,0.43446269271635163,0.2428562864068194,0.11249185062339094,0.642790745164592
2016-12-25,-1.3017890421756608,-1.322970549117263,-0.3254207933314523,0.993261342555483,-1.31615735841428,-1.3834432369648972,-0.4401712432478182,0.9800141089779586,-1.237504867420173,-1.3691072419175059,-0.5147377107354538,0.46413701737972785,-1.2228208261121676,-1.3046549111637826,-0.4720167915093323,0.46390583712777683,0.17178689585650853,0.12019760206548384,-0.18267963201177181,0.8092764391325257
2017-01-01,-1.0464185604420415,-1.1548112593439894,-0.5195314883164257,0.4699139398445076,-1.1215320393797235,-1.2011515603174294,-0.4136054179217885,0.6361476564048735,-1.0116447094801164,-1.0550482075299996,-0.28217706476800114,0.7416935186146105,-1.1018533557477355,-1.1318329168362204,-0.1685104160518103,1.1893904324531324,3.306182756994028,3.2918344936569777,3.2955640682284457,-3.1752079182191886
2017-01-08,-0.7303266153709393,-0.9217402686839942,-0.8179562971945845,0.11586919064659218,-0.7974966388978177,-0.9375560631143722,-0.8942673594931847,0.17952978593266022,-0.6685352520387977,-0.8592934580226448,-0.6606919628404381,0.22035796456603887,-0.6991646011054348,-0.9014520695705973,-0.8307509469270222,0.349127188001471,0.28410587886822736,0.3418598970236232,0.18175065233610185,-0.7782500645219262
2017-01-15,-0.5052471503914518,-0.6442781539231666,-0.6446673861230161,0.09367520850111687,-0.5725846801161564,-0.6585589800954545,-0.47924485871986483,0.519600665390476,-0.4289401230439435,-0.5594037996077665,-0.4999315698752917,0.3420221787439449,-0.48838890574501526,-0.6207564441746192,-0.5958540230683363,0.442441973237613,-0.27431983768265944,-0.2894399465742925,-0.2711977093800771,0.049544133465192285
2017-01-22,-0.4702927207601419,-0.5011389682154512,-0.42379344841320704,-0.048605300277889556,-0.5583037782254174,-0.5155807066031419,-0.37228973045287966,-0.06271042513333269,-0.3583177082032483,-0.4157357433377137,-0.4009603453822103,0.05093655135056853,-0.4887594520921047,-0.5646505722643963,-0.499743964567729,0.12964074471043205,-0.4153439167761727,-0.4442563462769634,-0.4108370995586239,0.08346718699777418
2017-01-29,0.09988557891790552,0.2429324523709496,-0.04790047042484467,1.1110047532369747,0.024190502066200405,0.12976961097460551,0.11440060216242579,1.3891308357322183,0.3413680665852349,0.2986606781624777,-0.07174940402931673,0.7975184972708158,0.24643899194286809,0.3044941649002943,0.13515630870857764,1.275062948329731,-0.2476968736643628,0.1449131155513689,0.21907348623279457,0.3251786914251843
2017-02-05,1.1858207786092578,0.8841052482834402,-0.3035455546064051,-0.1779697664316547,0.9655040445744798,0.8063215266348936,-0.5579645382957507,-0.16162379630639379,1.0816069333974432,0.9255237586873062,-0.2513894561019155,-0.5048546681762041,1.0228953327805095,0.7830800671782091,-0.4820606439094884,-0.16107745325136574,-0.29831548367661487,-0.42269120920574704,-0.5224585090961558,0.3871317646546231
2017-02-12,1.07869738172266,0.890111636798485,-0.3796103133602369,0.46028280677617334,1.0003815239314389,0.7005476179345463,-1.0182508270087223,0.48036129640203795,1.0301016599304675,0.9776734743289495,-0.35018440132486894,0.17756868324457806,1.0285532222225595,0.7217662994115107,-0.9035343847799183,0.19314922919956667,-0.37261535709508853,-0.35675323531880476,-0.34660433330046025,0.33009566907884497
2017-02-19,1.0726509911969362,0.7696482231276757,-0.7978250653672616,0.053500380371739556,0.9848497369616137,0.6741808151507745,-0.8898047973120761,0.24300945097320512,1.0256887985855605,0.7842802936820532,-0.3065546641052747,-0.4632574615388295,0.8829561914244468,0.6190671810173441,-0.4894311853874758,-0.4974160033738082,-0.3693375522855273,-0.484116063206121,-0.4528042679169467,0.3278073393774197
2017-02-26,0.7127989281280273,0.5718545850167922,-0.17760979930262502,0.2908825236053317,0.8072430060588962,0.5815248629621993,-0.5249934487194645,0.16937640869709625,0.7041553034293647,0.48164558080883746,-0.5058151957736968,0.3055899442190164,0.7982991312877484,0.8917528193974054,0.15455721643815132,0.3316106689158738,-0.2809461128717669,-0.31508025091809305,-0.3581926107655229,0.34326183523754933
2017-03-05,0.05796315464096658,-0.16758386927661945,-0.6554235895617406,-0.3294348746378334,0.009796208655660613,-0.041346474162220107,0.14258627873434038,-0.38589298717679843,0.1443397994755779,0.25374236480610507,0.5860947720998595,0.43942944065311795,0.13816315776849805,0.05195430885187229,-0.40382368386924017,0.293048812520273,-0.49037645688850245,-0.5511403678632777,-0.4982340972551658,0.21701766810905235
2017-03-12,0.19809769150763215,0.10987585613642457,0.45942291887377196,-0.04583203636871684,0.2511377357484872,0.08294412347446764,-0.7388505661443919,0.11910059381389987,0.30405181581483043,0.1257081287322303,-0.20272121351983213,0.2028393866225379,0.21956085769527997,0.005852692103984013,-0.7510410066572195,0.2637287245155857,-0.5159850580833722,-0.5801029017610515,-0.5137728965876336,0.3276776472162934
2017-03-19,0.48723118724828435,0.2011207256483252,-1.3323264647339292,0.13910073040903248,0.4383673064946514,0.26240914769505463,-0.7663496202892962,0.0869505293721169,0.6192474603501592,0.53978490730317,-0.32597517024607414,0.28025319756574024,0.4676305795256265,0.3400522909960103,-0.2743934320510786,-5.319718934827927e-15,-0.4875113779029232,-0.5127720358172876,-0.45748761982621083,0.30987507502867734
2017-03-26,0.7348918266167439,0.44986646571154465,-1.3077421802439537,-0.08637761037006011,0.8326418805266494,0.9510018661417823,-0.06677805632941458,0.7070770901541771,1.1037103164437043,0.8792642846133264,-0.9348927886118571,0.4058839413021032,0.9926396272061953,1.170028408442038,0.4086015556308002,0.9686196045011362,-0.44806565433543727,-0.48906889510491,-0.4597646812535292,0.5155655352201388
2017-04-02,1.6311971753544356,1.5068671365184039,-0.26033965402845843,0.3604280017341448,1.7212743743090866,2.037016465949647,1.3253432489014032,1.5668433789091416,1.7941454105855814,1.646048444415311,0.2274294130736766,0.7935212201256413,1.521129905955597,1.2875295892421421,0.16241876548959142,0.24077170617153776,0.3283466876461453,0.3525518832750002,0.23226863124003266,1.5205689234338113
2017-04-09,2.0045481433159753,2.0296175303113952,-0.12670245343200234,0.2969753768124642,1.9675033058708442,1.7173595805586146,-0.7831061593767963,-0.29627334295890523,2.0802152465552877,1.8577683499867097,-1.4227499869167555,-0.31880335628966217,1.913056567797813,1.8315587457577882,-0.528129583688749,-0.3720112125869219,2.072093976666756,1.2517769982354034,0.4809607531929548,-2.252480330660908
2017-04-16,1.2891801820098536,1.0314316174610154,-0.7207470210916136,-0.6115145369115619,1.2863060550811065,1.0261817376262674,-0.3247991771764711,-0.5365134670899696,1.2291496315634403,1.339892315865222,0.3666896703744841,-1.0124019559908097,1.457970051216235,1.3250096658374613,0.22920042107430233,-0.2612414698923284,-0.7523475659722964,-0.9130126684861092,-0.8571327081950034,0.23493083698305925
2017-04-23,1.114983039229099,1.0765321397043164,-0.6227739932519599,-0.15193728535364268,1.0205730875391372,0.8947656946066146,-0.26224810093837275,-0.011521303142311803,1.2410989510468804,1.0963225241337837,-0.7506185897208298,-0.05389758839558416,1.213627230447633,1.112792146910499,-0.6003641003292489,-0.12043636873250974,-0.9464207796992625,-0.9943118359567643,-0.9889505791104253,-0.06550070991228206
2017-04-30,0.7100680883824916,0.6893152151211561,-0.2927700218845601,-2.3042038775584768,0.5874389238173657,0.5260952538027109,0.5171671313088799,-1.3947559390641224,0.9218195051001368,1.138592158532527,0.8392525457169453,-1.463339406198895,0.8210019021339202,0.8945699928357205,0.4369137960266049,-1.3025518748910614,-0.7076360569380856,-0.731787114611642,-0.5878550672122395,0.35231108950170814
2017-05-07,0.8833077841118023,0.8211675177279475,-0.1752923978647217,0.4999015728646586,0.799580346574288,0.6802105785571415,-0.07477058815531962,0.6314565161455538,1.0518039244154471,1.00680300925414,-0.4300049971574201,0.8654296229923264,0.9658861158737759,0.9010133393615178,-0.2636060179228884,0.7133855255646369,-0.8402593534530536,-0.7989391601408923,-0.7492849158905318,-0.8328615150894142
2017-05-14,0.9273255816111147,0.7493250903011861,-1.244342033676507,0.2970442628930117,0.9242945343312836,0.8575768600172122,-0.7665058907800935,0.40824829046386124,1.0478182146972188,1.058895852442847,-0.7091770198849734,0.6136316567551979,0.9650680646756188,0.96673648904566,-1.098159976955828,0.8009338742901372,-0.933445457049079,-1.0370822448781645,-1.3253118989821184,-0.0057012233716688425
2017-05-21,1.0495336094687113,1.0604679839627285,-0.6221710168382656,-1.8786038369720472,0.9562695012936208,0.8243454815984448,-0.508250357363662,-1.5243140248697395,1.0016026085553504,0.7493250903011863,-1.8447064497367787,-0.8396319458503354,0.9602905893564421,0.8310583544150499,-1.567376761460402,-1.1999848774125332,-0.7143793435427911,-0.702992400596899,-0.6711978642978478,-0.4339503200838601
2017-05-28,0.41112779261513915,0.2625952281177321,-0.5140060591729938,-0.3106942549522458,0.37975995959561165,0.20130778434829022,-1.0655986499525945,-1.0392304845413278,0.3949463788754025,0.3584717900916346,-0.3928389717530945,0.36220846725710504,0.35944257717434885,0.28314484254515626,-1.1281257721434035,-0.2773500981126199,-0.5717461600595093,-0.49748061841736035,-0.5421729868096355,-0.4603566022563181
2017-06-04,0.34520655342222,0.32363582055160234,-0.4536991707621216,-1.1687345369944109,0.22503294243609964,0.1556929935512702,-0.299641140795927,-1.1278035602521288,0.43240056770965396,0.33863346438674563,-0.8674805546801618,-0.9214245656693465,0.39973961967110966,0.35629884003594,-0.2811356288838809,-1.3620513743938922,-0.5548246760225928,-0.6847847721174449,-0.7853730637934399,-0.05400459129944182
2017-06-11,-1.1362618580115689,-0.32882726090308984,2.9470613328540507,-2.2473085559694286,-1.257989819506221,-0.44638771557910245,2.355357237871043,-2.1071157480198432,-1.5931528508947195,-0.44469463854281915,2.733472016166519,-2.2513183054772026,-1.3941900276303258,-0.10388588343432804,2.734227235928547,-2.424451711561796,-0.2837530759482606,-0.4512036505094817,-0.42205620499541063,0.7375060225856082
2017-06-18,-1.9543725378512047,-1.9378712736755033,0.7528074091627953,-0.21253268187251437,-2.054580870293149,-2.401814005400216,-0.477082810872419,-0.1298226967223719,-2.121165405799549,-2.5509741343407923,0.40844370250080914,0.3146242048071381,-2.205073783121803,-2.804918852726947,-0.2074241351394094,0.5431628337193847,-0.38742801710014263,-0.3524778001611306,-0.3633995256820871,-0.10074465412696372
2017-06-25,-1.8515708534982425,-2.0276408456105655,-0.10433283794673566,-0.9740966837813102,-1.7606329147300297,-2.0838219453860956,-1.283881477532738,-0.05189783277099267,-1.5382966378075393,-2.0651140410852014,-0.7077949631316116,-0.4917031009634631,-1.6691098364109396,-2.0560050253668907,-0.8086622107999908,0.27550627748063633,-0.779992864613172,-0.7156459700777357,-0.741798563186889,0.38219670421695606
2017-07-02,-1.9721500072148594,-1.8015085430475515,1.1037831391796185,-1.6624062066277403,-1.938669091867233,-1.8449091439998306,0.5818010771922612,-0.7943094393535999,-1.8855817250801838,-1.9663321959471856,-0.10187634933183758,-0.8295018954139858,-1.9394867964730012,-1.9657485596282083,-0.037903767624339314,-0.44626137283709233,-0.4430568962390132,-0.4336220129952308,-0.47746644269538224,0.1674646358649046
2017-07-09,-1.3541589920893147,-1.6189921558309808,-0.8252715412682717,0.5841381336723048,-1.355566015210228,-1.2733676254504926,0.23957429237818514,0.250274574492412,-1.1814387901125467,-1.3467921507534961,-0.6925006364514364,0.48222470115919297,-1.2667207927482511,-1.1031946970293802,-0.05705580885704006,-0.2542909407101946,-1.2191930823928387,-0.5977238734641309,0.2789225283853034,0.2172829035968884
2017-07-16,-0.8185079422441386,-0.9720847843660727,-0.769283575022571,1.2874485225652654,-0.9142112513072069,-1.0845813053526185,-0.5582905262390796,1.1306019943221493,-0.8570750182675089,-1.0543080451684332,-0.5913123959890884,0.24552093574641115,-0.9905833585225309,-0.9452399510694296,-1.7530808493756672e-15,-0.21626095168387155,-1.3136961200562423,-1.0571197653787423,-0.7291697389679512,1.1442787997625008
2017-07-23,-0.5783770771938538,-0.29185816932249364,1.3865919957353627,1.8737576733670482,-0.3788744621687983,-0.4167149915442149,0.2569037595479157,1.2307631642655608,-0.623205327696479,-0.8137016840052946,-0.3825460278380112,1.145908935059583,-0.31707797376733926,-0.4187371471962651,-0.2526455763199518,1.2886091157655242,-1.0707514283272983,-1.3595551886978012,-1.1546287563142261,0.17300065842478246
2017-07-30,-0.7293196176730002,-0.9835849588727603,-0.7672529867254817,-0.15558597142422978,-0.5768642736541912,-0.44829784189919936,1.012481699405802,-1.2738241333630163,-0.4673036433219736,-0.4943979916547918,0.060462800054280175,-0.6771999453579098,-0.6515260253431215,-0.7384400340933832,-0.42896048383554736,-0.4482955257971973,-0.5550164464397814,-0.5606412458538662,-0.11952033255245888,-0.9905876812364321
2017-08-06,-0.14326278157121528,0.05810110534908189,0.8548757758545471,1.7925436517191176,-0.0759406130067835,0.10524348325092968,1.6643892694981626,1.9062922096308672,0.05212446505976544,0.045510056444291874,0.41992651928813474,1.6362422180915541,0.07280736595554281,0.126556553928832,1.1687345369944222,1.7620831660073848,1.0294789964745121,-0.12857916043224873,-0.91575546847117,1.0228468646014734
2017-08-13,-0.9282967273879165,-0.9263328054392518,-0.06785186016657632,-0.8450044094104315,-0.9085500283659375,-1.1069027687626278,-0.864137950606143,0.04115481897556276,-0.8196704674551486,-1.214094837924401,-1.0153049843136284,-0.13496170586605852,-0.8538161337448341,-1.2183367212221676,-1.278615495658951,0.022367670764623197,-0.5339990847179633,-1.2341676170526588,-1.4710902225496412,-0.006469094157600017
2017-08-20,-0.2684426832275297,-0.4265803862109553,-0.12161810897745703,0.9724361410790386,-0.13585766801585897,-0.3294479930867457,-0.1951109202405177,0.9566258723823999,-0.07077392445377825,-0.3432739405829347,-0.5191217813964456,0.7307616774037093,0.096696663808142,-0.247276092868171,-0.4364967557062839,0.9068503858838036,-0.5296316450515285,-0.8982852031303413,0.22836287735651756,0.6293530952919457
2017-08-27,0.5644634840217787,0.3651483716701023,-0.1787187118382963,0.4637034330328668,0.7719100712072646,0.45274916288428224,-0.47360222277830066,0.49526803234395833,0.7661505008860049,0.9680083616264757,0.22216331155058475,0.9959190053730973,0.7257803490079103,0.5746310020217004,0.17792017089455153,0.7081065233863394,-0.4109512248732426,-1.0328007090797067,-1.6212111574719852,-0.6163466223057281
2017-09-03,2.6026965607227113,2.2817579801111214,-0.4586962929618048,0.1826642716831503,2.625133233447824,2.0579507403830593,-1.0793087225402336,-0.18037919488282858,2.571719077633368,1.989823435314604,-0.7184292517232602,0.3285564333662736,2.573143894703214,1.9467091088898318,-0.28467227343126605,-0.4173650061841591,0.8680545917974066,1.3584869358338814,1.6140344339454245,-1.5761006923319643
2017-09-10,1.6289753022252351,1.5289678499785846,0.2409463682954592,-1.1985242686493978,1.3124725077530115,1.648644463018035,1.244386636147407,-1.4469051014507235,1.5223070028197159,1.7249376325147472,1.700808753226697,-2.0060451211545804,1.276611826067088,1.6418028629191284,2.0013731549849587,-2.064160898402177,2.244947869003928,2.6800450002294043,2.609777638592262,0.5260772786633817
2017-09-17,0.49504796596063466,0.424639526467036,-0.31622776601683267,0.6899685672046079,0.6396377378316512,0.35263625963054784,-0.3733159908442073,0.14691063206231558,0.5483314796916806,0.5334476441273225,-0.530066311380963,0.7622221571444134,0.6120371794611157,0.33647948843070474,-1.0548162696116226,-0.14520851721335382,2.9290878700156635,2.7735014391930997,2.4118362644950313,-0.15822103676316698
2017-09-24,0.35853207963134026,-0.1348788068306647,-1.5722270673458414,0.009672714989726938,0.18647335338873158,-0.07031104092371347,-1.01019638914158,-0.14691063206231358,0.5062639892196511,0.1597870923873885,-1.1414364964361274,-0.40594234283908237,0.28815132613316374,-0.18482402178380347,-1.666184622790584,-0.2657103016581653,-0.05061694595507231,-0.16863349333359287,-0.1146014071353538,-0.5752213921092795
2017-10-01,0.3484139358153605,0.29613222760298624,-0.3456888086301585,0.6577994197730473,0.20045284800521393,0.0,-0.8755834609454359,0.3427535231758711,0.6671981008608264,0.6777389936698855,-0.05391965218342664,0.7829291269235901,0.5401643222992557,0.3413254233321894,-0.7524429471734136,0.5797315672541897,-1.1351444075989288,-0.9788368331202044,-0.7674767478592058,-0.22640899380682183
2017-10-08,1.3043649288818127,1.0541791700341316,-0.9448827435891294,0.3125972293123158,1.0935244480216453,1.1900235776114545,-0.2773500981126269,0.2952984771158231,1.2286700268053,1.0166084905048205,-0.08145880546003528,-0.8472105010875376,1.1398891746229411,1.3221618426063,0.3050444380432762,-0.6591910098552394,-0.36044238832606945,-0.46312672990589715,-0.5217873086944727,1.1298712988544617
2017-10-15,-0.11359129622323874,-0.3314804658718341,-0.12009611535381272,-1.3180126699242722,-0.45766919301176917,-0.4615595705719134,0.21591675854376755,-1.1792667222950606,-0.3067272760588306,-0.4075382327946282,0.5404747453311787,-1.3014789870451884,-0.39806093262189907,-0.07961991121257797,0.9939990885479686,-1.6915889103110164,0.2292843118805836,0.31401110789544,0.9648740248723205,0.5984681060525867
2017-10-22,-1.8591900440502107,-1.6688949546753313,1.391396233862828,-0.905828592575768,-1.7599598613761567,-1.5749673166911873,0.21591675854376755,-0.6281852347304727,-1.9199419749499136,-1.8154776436195872,0.16214242359936404,1.273912520625223e-17,-1.7717439638377586,-1.1380484106671414,0.8832100722826558,-0.8686372445543347,0.6232103461817646,0.6656189996256713,0.5488807334778535,-2.0907711540041416
2017-10-29,-1.7415359178364576,-1.9192038356747225,-1.14094491176752,-0.735552791755263,-1.7108147982595523,-1.9084392754885984,-1.018934021045971,-0.16666666666666294,-1.8010414141654,-1.7206276298372778,-0.46049778724572726,0.23887248318810234,-1.8510128283924925,-1.9390961168988476,-0.7717363952513634,0.566276089417791,0.3382448219806178,0.47812628002270796,0.757413266270339,-0.2656553165351656
2017-11-05,-1.5212661865108998,-1.7288654792267835,-1.6276858540477737,-0.3420914640968767,-1.5992615799699132,-1.6390925543948238,-0.6925847010165698,0.016889418237949382,-1.593208570783845,-1.5109450862513978,-0.35114849588515673,-0.46395349053223267,-1.6070568942158543,-1.3819878973730704,0.06054945644632585,-0.26060327686748186,0.2600009803644685,-0.1876035249559334,-0.583535708421,0.08536867575149427
2017-11-12,-2.5520227120240424,-2.211629735086515,2.7332219356385585,-1.2950605426524424,-2.530316690388016,-2.286699599348509,2.5826459942905484,-1.4598052244583613,-2.6084615127453983,-2.2953550442351167,2.6996669923558527,-0.610297374381142,-2.582435207019029,-2.4220195780707217,1.5737736368371613,-0.6583652603635023,0.7018479395794837,0.2742375589115697,0.0009493445317412083,-1.318648988747784
2017-11-19,-1.584360869399917,-1.5703364451138784,0.5399446696622103,1.6993599024442834,-1.6317626210112095,-1.7262216238142207,0.7385489458760065,2.002147622590944,-1.5630907322033776,-1.6355429588228394,0.3853881709774564,0.9852081224130844,-1.6136192607416677,-1.6528567626733914,0.7179402190500132,1.2784103240989844,-0.003929011638788961,-0.30474933683112465,-0.3362891993703796,1.1773267420494025
2017-11-26,-1.7522148012435947,-1.7464028396656368,1.3598002073001718,-0.2970442628930072,-1.7184931395181955,-1.792900657761155,-0.018988863132813654,-0.3891016118840622,-1.7062721745523537,-1.6728360848575763,1.40657868580506,-0.5052253438112261,-1.6919396514852383,-1.8164251354580119,-0.22671796391052848,-0.22799459130665367,-0.32811958406118,-0.1277947795075646,0.08776030867777306,0.6168121069143139
2017-12-03,-2.116564476612352,-2.0084319333359204,1.9032856903177067,-1.9755061887370677,-2.1401038323945727,-1.827166650908348,2.609316656692942,-2.3053469210748916,-2.071832033787966,-1.8989480646782382,2.3233757322963475,-2.1052652878299996,-2.12994362941978,-1.960191283232516,1.998738568149501,-1.591248119693523,2.350487663471992,2.740405654157542,2.923944177351442,-1.6761810931370633
2017-12-10,-1.493332161103878,-1.6411071075654258,0.7079037316383053,1.2673573648602414,-1.4431270193879437,-1.6561913300251583,0.22484196353457264,1.4340039434703258,-1.4481410454253387,-1.6929436154127022,0.14481416717281126,1.5811769569172536,-1.3834979666463898,-1.569041258845018,-0.6396886413996481,1.264642309648889,0.2923970007195046,0.04549921237481784,-0.2642715193698374,-1.0498396438483528
2017-12-17,-1.0935694637681244,-1.3723651800067425,-0.9279976490756016,0.49679080521481783,-1.1008672775349706,-1.1502330186372687,0.17607161222772227,1.1649225619775492,-1.0200664116089897,-1.2405087135064847,-0.710905911575554,0.8674512471976641,-1.0621004488077306,-1.147888970014347,-0.09672388203286118,1.462323282157277,-0.1462057654871087,-0.35034600618718936,-0.493078010192667,-0.09169120697807977
2017-12-24,-0.684953700933067,-0.793677936167713,-0.2567347156673169,-0.8003267306650391,-0.7957937834507535,-0.9862292218716223,-0.6605782590758195,-0.40297682318281003,-0.7095600294873761,-0.8750906320834901,-0.9079184394437956,-0.3928389717530977,-0.7780898111965941,-0.89287652361158,-0.8641379506061629,-0.3082897462104032,0.5545616319579871,0.0006670775439320305,-0.3440390073394732,1.5003996078806228
2017-12-31,-0.10374573705957951,-0.17858524515246696,0.30895606685209615,1.3021394490298157,-0.02424255338989447,-0.2226990641100655,-0.6803357054187822,-0.01772829515559103,-0.13146870886297862,-0.20329321891786833,-0.0812481707025168,0.6523858424654682,0.017112713845845964,-0.04824221141369562,-0.2606032768674828,-0.8563458651596924,2.0211640819509054,0.8659476645263557,0.11697101788470186,-0.5071585260990294
2018-01-07,0.04635952798087867,0.1744940339441296,0.5234089942178742,1.5946931860442297,0.09130059399459739,0.07232087635861943,0.1038858834343383,1.228438468368731,0.11924551442633506,0.15477163880406647,0.20621600938104773,1.4882308753065,0.27295976630978025,0.24107681453337376,-0.03734134460262016,1.4772224730276124,0.7173936121192717,-0.09675628320251319,-0.7065465237374281,1.0257559367885656
2018-01-14,0.33771568091552373,0.2838755985536661,-0.33646329245523343,-0.8703384250784547,0.2791773218060264,0.34097832413812,0.07808577879282019,-0.43302831017200616,0.2393346176965397,0.26241867405743335,-7.477572812058039e-15,-0.7849176478166154,0.27402581838135487,0.4998889005265123,1.2562811540960155,-0.49239186905316573,1.3137032525302281,0.6458335013781846,0.14953733971480804,-0.32471822851580795
2018-01-21,0.9869983981687935,1.3349697128047817,0.3092379551321226,0.3422919352140033,1.0318542047049015,1.250422436630655,-0.10438285645839383,0.07705123636894354,0.9750197635900618,1.1635004695891924,-0.37559821660825704,0.2676598420472754,0.9819599166711487,1.205270070428252,0.34896698724889436,-0.14735753631807694,0.937579611182048,0.8986340448119008,0.8591202189480168,1.0334370713476673
2018-01-28,0.4898633375141108,0.43573278707178964,0.6891053002972473,-1.4113055203278515,0.2934752287841882,0.3500946021435453,1.0754926954536388,-1.4984040954583144,0.17476629869534757,0.4402301537896297,1.818282001768313,-2.0400744102150363,0.15130993732017473,0.3429738204657099,1.87798261248327,-1.7272195512768422,0.1639056003532871,0.053418718953368804,0.37090787488181914,1.3859785462072154
2018-02-04,-1.4257445137490439,-1.5498119810228148,0.20701966780271336,-0.7908745952947468,-1.467059528031848,-1.8620388543119368,-0.5373732906238798,-0.5432582858485783,-1.6586168919096502,-1.72729087879433,0.7445807910499405,-0.7024693478104641,-1.3496463084009067,-1.4705576849162085,-0.5649651466634269,-0.7006490497453705,1.0415985680321524,0.6406139654598731,0.8067927068657833,1.6629632724027035
2018-02-11,-0.8628712167956086,-0.6785820948555474,0.12374046434168824,0.756862372426816,-0.8582366363711795,-0.9544874539101564,0.6014028639584054,1.1220743869135437,-0.9664777749194997,-1.0486629249815442,-0.295451059604329,0.8430131273655456,-0.9575840052420274,-0.8756115363393353,0.09602356067068235,0.7145977118206167,-0.5325323641203307,-0.7576166654234514,-0.8413435129576605,0.25909141239609446
2018-02-18,-1.3039026635913789,-1.490043782494864,-1.3177765629530647,-0.36363636363636787,-1.4449828492734522,-1.7320508075688814,-0.806502528121067,-0.37810313625211545,-1.3776486064474507,-1.5563293906372078,-1.0355255982390208,-0.2905231616125763,-1.5032567532808458,-1.6423301788974203,-1.3223383946491578,-0.11952286093344151,-1.2049811906244967,-0.9244696767428024,-0.6136429709271328,1.0034858992480182
2018-02-25,-1.5995823357443275,-1.7197776099026385,-0.9476561609243266,-0.5047724645987945,-1.7377715800319882,-1.870460412768946,-0.784263411266934,-0.36137072665863706,-1.6430150636756022,-1.7580773931773677,-0.47936127716217947,-0.558228996451467,-1.7337764429579317,-1.7815680993141034,-0.5583206555185329,-0.5533880562785763,-0.8312899482900762,-0.4374341028161804,-0.19985468291709335,-0.2670233799975924
2018-03-04,-1.6989418572378352,-1.7134452516884142,-0.8671233846992845,0.2775822276414521,-1.6733296125960448,-1.686109162255202,-0.5694947974515159,0.29622136869145965,-1.632392003509032,-1.6730183337835067,-1.0296050545152262,0.025904778265223395,-1.5708041576755551,-1.4759256727577401,-0.24034556122482106,0.6258153949977385,-1.4391900868873713,-1.3234617076275328,-1.0300578438029369,0.4731807566326414
2018-03-11,-1.6259972381827543,-1.2700254506032693,1.9245811009408935,-1.3674031340761457,-1.666569001765281,-1.3365711131645983,1.9446723793816758,-1.5876464793399951,-1.6929260843297609,-1.337669118598283,1.2007295536606686,-1.486036111466471,-1.7027711362158366,-1.4629111399286059,1.1253486701864073,-1.453194971034502,-1.2777453564875818,-0.979112831284537,-0.6903428550812526,-0.9489820992615197
2018-03-18,-1.5031642408088446,-1.4324298861249354,0.7544663557191099,1.2085087969327155,-1.3528752898785694,-1.4088276662455563,0.5114285830118016,1.52829267610644,-1.3664293400156335,-1.4192861694296115,0.08298059383822759,1.413355921358446,-1.2802981952346801,-1.251569534107669,0.20267301885556152,1.742105303769861,-1.2246033317433858,-0.9441229547262485,-0.6282581246351411,-0.25925042577790686
2018-03-25,-1.1760820094572406,-1.17224661242371,-0.2672044442830689,-0.4533784044830223,-1.2085899523031753,-1.1976585433303932,-0.48038446141525876,-0.27787139565571545,-1.1793423354481858,-1.2445185895520572,-1.0265411974862146,-0.02357010479447063,-1.2232274314882663,-1.3140105310557721,-1.4516758457907457,-0.06067033396213464,-1.3912355296041317,-1.4691418359269393,-1.2412503026631188,-0.1368570960496931
2018-04-01,-1.0227801611130791,-1.1701763972266832,-1.4583099721534805,0.541369857742006,-1.0049014758583326,-1.066627336924491,-1.0013376739381747,0.6183857999251956,-0.8762718172316514,-0.9791670046261752,-0.9349112872937468,0.6798604194361749,-0.9529625830314836,-1.082030039964866,-1.2757098110535352,0.7234661763758651,-1.38808547407846,-1.4050508855242905,-1.0268968098116313,-0.49237721091499886
2018-04-08,-0.38353942824713044,-0.45870894923734457,-0.48192366581253915,1.3349433747197843,-0.3692491879953357,-0.5033949480932014,-0.8919170599036687,0.8926176457379611,-0.33749870447986857,-0.4156097450212311,-0.2029994857352924,1.146666208360854,-0.32882807219780763,-0.40518233350685795,-0.6338626302166885,0.7223151185146188,-0.4327013237492102,-0.23959256626986145,-0.061563411468815644,-1.6435718726666066
2018-04-15,0.053643499449075226,0.08064872825617457,0.13903759882286104,0.7935268614137648,0.05628335282678222,0.0455765759403101,-0.1636453801591505,0.3991646610590508,0.1061873073288688,0.08270873439718178,-0.34992710611188454,0.4501757047350051,0.09283979209456104,0.07879908259269987,-0.34145138408786574,0.3142719180787019,-0.23470523181696482,0.19498720008451464,0.48870558640650325,1.7206269326034158
2018-04-22,0.2524814788676019,-0.030240982846946214,-1.5357299082739375,0.5787700465503653,0.19281325008471603,-0.0061572572719877814,-1.1752166884686333,0.28215038962621936,0.4665683856114931,0.259480167845792,-0.813632413187146,0.4501757047350051,0.37784488976417313,0.11836564574268761,-1.1476380835140059,0.6177735078214336,-0.935977676767271,-0.6215588037019134,-0.4411960503297709,0.5568768088352334
2018-04-29,0.7852539118230879,0.43417295123496386,-1.2993071389455093,0.2558436252197234,0.765135608848741,0.8043733802575747,-0.6231730139146601,0.7108290168361828,1.0252855882451186,0.7508939216522121,-1.1407512089958627,0.32608069484491115,0.9028592892791573,1.005617847272607,0.24316554570297277,1.1947545944002886,-1.1080736094216892,-1.170906443554407,-0.7135533204991643,-0.8992452991853109
2018-05-06,1.525109638434204,1.2906949873175328,-1.106355955943304,-0.07598514002606951,1.598208036491602,1.4214369964265765,-1.1996365288421724,0.13705306286018498,1.646398136272384,1.7084816454691576,-0.12290197355982685,0.3534419384077619,1.6492292127402388,1.3854982819936128,-1.1447102527397606,-0.06353565571380823,0.3885605814981198,-0.1767681865035164,-0.8066422600361689,-0.25560144103679483
2018-05-13,0.5787367239188861,0.5179516633460369,-0.4372742745792244,-0.3535249769832307,0.5808708309746469,0.5043200669171278,-0.8339694143153769,-0.26437885859628374,0.6555968662715641,0.5426984525301447,-0.7924058156930665,0.2795995274771936,0.5587249357722974,0.39994953181729176,-0.9835314106967679,0.2349126358634146,-0.3627591848645548,-0.4313256639886691,0.17627260316215837,-1.0574114169945121
2018-05-20,0.8336779711050739,0.8054551941670628,-0.7834889246855222,-0.030208146378273685,0.8830743836157278,0.887216382953617,-0.3297088382177146,-0.8142868844765697,0.9366276144252041,0.7671899410692405,-0.9830413587962507,-0.1866911106145532,0.8328287862455752,0.8384392059323942,-0.27582971926513494,-0.8402298342938237,1.11159976170014,0.9572607736524519,1.123479159211588,-0.9130007807719185
2018-05-27,0.8500547826305471,1.0528820108756645,0.14796828688936114,1.0953990172084271,0.7664067305795155,0.9966686498373085,0.5944889408790318,1.17368327081307,0.8804164353024173,0.9734532837035949,0.5262348115842328,1.0685923076066557,0.8566748420567445,1.0245369812349008,0.695379046211,0.8005108370594701,-1.142054158330326,-0.945082263111932,-0.4146917967063524,-0.7272959699040726
2018-06-03,1.5038500628955722,1.4993194536002548,-0.41216601437035866,0.6410607647560368,1.403047091035085,1.4481565415116129,-0.38141971179375544,0.47503837396272675,1.4949123520509444,1.4593253407636577,-0.5135525910131047,0.42230477958007545,1.4124768618975632,1.409421413538697,-0.48212324053763955,0.23798970831496755,0.02309155293024698,-0.32574980699995876,-0.20070500735522587,0.4093091072857028
2018-06-10,1.0631825420162804,1.3464903911799446,1.2962222116386342,-2.1779982222820697,0.9436124306485728,1.220650416013623,1.6810121952829182,-1.974983402603541,0.8980543531240276,1.2299786366725907,1.8196658187307873,-2.482474680273692,0.8342950198998831,1.0285498590055167,1.1418810661854886,-1.9608402808929042,-0.4868614898324607,-0.29379608752922404,-0.6509519520309305,0.0047051735963471964
2018-06-17,0.1874754764817571,0.009427461939302136,-0.7672901019465421,0.47832591491023446,0.05499472143901707,-0.019135178772888263,-0.598729049722238,0.6310874674162308,0.11419181361005866,-0.008724174681218227,-1.071884401515743,0.04411923731373562,0.04211175940621346,0.20349215766581644,0.3511484958851695,0.1936491673103627,-0.5723944125490666,0.3401033000611188,0.7640066856518997,-0.18969508702438886
2018-06-24,0.24928734289861548,0.25649019369569354,-0.384547154104904,0.21626095168388182,0.29411569069979626,0.3586611621525703,-0.15175922164471134,0.1942260130511969,0.18023366336902247,-0.06435388013306538,-1.254624313423005,-0.2136388146354323,0.2579900923463499,0.4210215323373366,0.27021625954606365,-0.8009338742901344,-0.7691650517020432,-0.03156065577949752,0.15096245121314744,0.983101942378165
2018-07-01,0.7613217193288033,0.454329589438364,-1.1346582713365934,0.050884929807977416,1.0825963878798257,0.9499798419701188,-0.5104084902536914,0.5373732906238889,0.9535058471400389,0.722893664957799,-0.5570066518960216,0.3814978832775843,0.7810214102751435,0.4969494428433732,-0.5535623484706665,0.5742544759061423,1.7880433049530804,0.42954826263072043,-1.356262571174307,0.3814544524022643
2018-07-08,0.8750179410649555,0.7645003370602849,0.04415287168808558,-1.2305127267309925,0.8248233124810157,0.8579795178769483,0.9236321573665951,-1.5873800614415745,0.4272199060671956,0.9841910611127279,1.786023484603242,-2.0772057525505394,0.03517392119066802,0.6105091287203037,1.774181370970877,-1.9238213615081787,2.1044344357254157,1.09984420553885,-1.0841646062177066,-0.4759424809119622
2018-07-15,-1.253900816061855,-1.5235121493760526,-0.9942684060496462,-0.16903085094570192,-1.4354551769993442,-1.6553083183158868,-1.4142135623730852,-0.2600399033642478,-1.1804760562382826,-1.2135190968400464,-0.7399400733959424,-0.3682706702504116,-1.258564074316908,-1.6434001754063852,-1.3467609966828824,-0.28442788200917757,-0.5254251899537741,-0.7331156603288839,-0.46188574497535356,1.0070311336931232
2018-07-22,-0.7650677325464187,-0.9240747953307493,-0.37820467924448076,-0.8757713359913148,-0.8745100578155219,-1.2374635001002325,-1.2838814775327556,-0.3814054817833903,-0.8881676994554781,-0.9837387536759443,-0.6811404889052135,-0.1655211777204698,-0.8952326410233371,-1.3655774839978347,-0.7634371938369159,0.07509980825583112,-1.13168748994892,-0.4303847686359105,0.3583611285093551,-1.786039886300906
2018-07-29,-0.7004957285274663,-0.8947328820011465,-0.9857281161802832,-0.3295410218286603,-0.9393832471196639,-1.0945797593515336,-0.8445630309732417,-0.44322739822902507,-0.7934081104149376,-0.9302165659858358,-0.9270385204039936,-0.28050714864044907,-0.7820069203139439,-0.8124089159204132,-0.354212882661639,-0.4613918250100476,-0.9568822166669234,-1.8445543335804149,-1.2094521034322872,0.4510739277471634
2018-08-05,-0.6752374577077133,-0.9489936618305317,-0.9408750722807655,-0.4520589673108521,-0.7766258899196651,-0.9403925313231712,-1.113265298635711,-0.07646156144357619,-0.7197947408681554,-0.6210590034081057,0.21734850994116406,-0.5234089942178699,-0.8162294339404402,-0.8834522085987735,0.21203680483219503,-0.4037590308061448,-0.3954409655024021,0.692705320111998,0.9620419126115779,1.7010892370790514
2018-08-12,-2.54397023513336,-1.8144135893315763,2.2001212221396576,-1.964423533749451,-2.5111677959113248,-1.5193695958723614,2.450160989128571,-2.02052151025824,-2.7153157802857435,-1.6112745228960312,2.5168123554816466,-2.198158485706685,-2.694959190439031,-1.4441190521433318,2.853847787230198,-2.434523093691828,1.9729576310391639,2.894715829190652,2.854327078414074,0.4796850401526935
2018-08-19,-2.175500853630921,-2.0166458603161903,1.7235254852190918,1.794470893094545,-1.965961180196846,-2.0434775952971913,0.649969871886502,1.2916211531129884,-2.029483567187878,-2.027640845610556,1.184944511329336,1.6760430415614447,-1.9105167017623566,-2.1031678082122656,0.6741975503091312,1.5907510319167864,0.25024869218540696,0.08065162203332017,-0.31252472190528097,-0.5787718086850153
2018-08-26,-1.4502396158949566,-1.4216771963533563,0.31555791640509445,-0.8669907437451463,-1.4506471291613305,-1.5382768528957373,0.06625992571245101,-0.6856978225788465,-1.4303501131749263,-1.7949184876621571,-0.6697897101122375,-0.08017413066844184,-1.5372712821962258,-1.93804063521188,-0.5539117094070002,0.00899842541331355,-0.3443405729226834,-0.948618429042879,-1.234809515424153,-0.5143162028944519
2018-09-02,-2.1915907444095635,-1.947655620605959,1.4493257481212394,-1.309725543340625,-2.209125381017269,-1.982851206062397,1.4722376473394634,-1.4349097331682954,-2.2821742399958653,-2.3639758436122107,0.32149906085386526,-0.4472446422975525,-2.3839777889090246,-2.538550441673119,-0.21560241626823134,-0.3752424875636851,1.1308829750533156,1.1985567905015428,1.3947917434554964,-2.2952649028215824
2018-09-09,-2.403346024826677,-2.5971470858582877,1.5014969764808248,-1.1783512712766955,-2.3543872930556886,-2.411691711073045,1.6185456819679787,-0.8383804500273005,-2.363544647078195,-2.359916624303527,1.1328675610452954,-1.1378009146797357,-2.365623918163463,-2.0885836937086277,1.9614161815459314,-0.9363291775690479,0.6914879759365877,0.5896676124085893,0.542162876504581,0.07838447809391381
2018-09-16,-1.7442064169893894,-1.9396470917695454,0.9885425292090623,1.7045920725306465,-1.6514442882277827,-1.7474275090942941,0.9415318225554197,1.8069779119458158,-1.5819416471656238,-1.640136698337128,1.1074951868672207,1.7567495220689462,-1.5730014117214464,-1.7994891372338908,0.2456126351587721,1.4439461116165457,0.2638226591501463,0.6277835970985888,0.7361759962567639,-0.6963466943156542
2018-09-23,-1.2695051698162032,-1.3814706511264698,0.09220642218141155,-0.6307741589981198,-1.317753200806689,-1.4954535792764605,-0.4184585878024069,-0.3063857527129026,-1.1883667989215976,-1.2164984693799985,0.35492024217888435,-0.5945606194909986,-1.2338456366914443,-1.2847878957475594,0.058820137344797054,-0.4522220007637678,-0.831797758602337,-0.8932845671678036,-0.6634207248559741,0.5196035696536759
2018-09-30,-1.2396156813895505,-1.2820303980305152,1.4969235529746954,-1.3380766928708983,-1.3382625271231896,-1.4393049541537173,1.2232636484158714,-1.281999346994802,-1.2930183590695223,-1.3462783475936875,0.8902145433642251,-1.0228793022617066,-1.3376305499695345,-1.3620471102057543,0.7058416481374731,-1.0258294013737934,-0.8099191845317604,-0.8577050658811384,-0.5726934812265049,-0.3056646674764686
2018-10-07,-1.6381103826300931,-1.6072278293386546,0.5870873492291477,1.1273486498116108,-1.5774055950609345,-1.7456609171284982,-0.35633150946347625,0.6385206649402819,-1.5860484660490795,-1.555013848591494,0.6835154330323027,1.0464332871398845,-1.5368508942448602,-1.6168902527886415,0.5242194698010426,0.5543805763794869,0.2263564933956465,-0.41256265745371373,-0.7251789982525808,0.5941571620674099
2018-10-14,-1.3329435248349388,-1.4335792279759085,-0.17770466332772375,-0.03978150705049133,-1.4132132373462434,-1.5325081908266525,-0.28715879837370667,-0.0649551959441268,-1.3225731802533423,-1.4844774471965005,-0.5694162843474516,-0.2554687812806264,-1.3995933152623046,-1.568445067803469,-0.4877350331430633,0.04086344053760449,0.14231117130056206,0.9638187971385632,1.2777182122500457,1.9940145614334135
2018-10-21,-2.0119469415430618,-1.6100121820122906,2.830279530772763,-2.2539580115404516,-2.092806318722371,-1.675628774944087,2.8321298811595192,-2.461163951970217,-2.225800489336542,-1.8425200648514273,2.8458967957117034,-2.3713260284260063,-2.2361045501972434,-1.9142269586114835,2.683805547971028,-2.4090281029673615,1.3564721519216518,0.7258411616033258,0.4814602825606612,-0.5448201732807147
2018-10-28,-2.159990928591928,-2.319241185387612,0.4044318772596218,1.4734684488155043,-2.172282546048695,-2.313054868574005,0.5891438742996081,1.609764741912128,-2.02012428834198,-2.172132955911559,0.7398173651298404,1.5717236168334998,-1.9866434307550909,-2.1493126957214725,0.7182362620067926,1.7387830035694605,-0.45288840208816333,-0.5276624897612974,-0.41697212918477133,-1.0348254694090555
2018-11-04,-1.6151312702262273,-1.7992189561959535,-0.4697761756117651,-0.36762221401349854,-1.6639089314974573,-1.8181603561411026,-0.49489473135249484,-0.22688376458097934,-1.5718540438959991,-1.774525751308889,-0.14697020107037895,-0.343411856716045,-1.5901330674809688,-1.7756358970180117,-0.7472993864241676,0.034105180390898056,-0.4064995737103522,-0.008666137679692487,0.1957802954995404,-1.532512237936129
2018-11-11,-1.826756073667629,-1.901215530870264,-0.22547546538030266,-0.01330443441836675,-1.791353749381027,-1.868767849075044,-0.33280032056545833,-0.08865489258295647,-1.7628590522052432,-2.0047858449212086,-0.678837287510271,0.2195826197841108,-1.784957960099633,-1.9791996376048422,-0.8196186818845752,0.2523918515111655,1.4879528875257273,1.2427999357395265,0.7156949940126827,-0.2792871846796881
2018-11-18,-1.4968081933328008,-1.6386448909981837,-1.029723682596758,0.5432703735693897,-1.4955557373143762,-1.6619797252343242,-0.8987948419034087,0.6629024976549057,-1.4355305205606537,-1.6227746622241221,-0.8002071802875027,0.5876163977752124,-1.4761588074915055,-1.561703230168444,-0.6625822855053065,0.45729557068703874,0.8556023320816948,0.4848305134818261,-0.24795085128073566,0.34873129102735034
2018-11-25,-1.3444588345493824,-1.4269375409843623,-0.8066168847007902,0.649182102779702,-1.3285742247299703,-1.2910332400535154,-0.22519823980305165,0.9327974975473509,-1.2814114090120081,-1.2860030717137783,-0.4693889184194813,0.8148284649664693,-1.311576182565397,-1.2625942715069152,-0.11431841310781785,1.0794571607015917,0.1417744725884503,-0.5205589375029737,-0.7492387377569676,0.6016450086290382
2018-12-02,-1.0859223669180316,-1.0437098963588085,-0.12862315072724662,-0.3923156795851857,-1.0638060376779268,-1.0067004672271558,-0.10454167469785597,-0.5328645399478673,-1.0600444315289517,-0.995177304487725,-0.08358621589722968,-0.5584749017444269,-1.0850371285320015,-1.055222535429213,-0.16742606937286222,-0.602543583600735,3.2413758008167286,3.3024927358380674,3.3060782061079834,-3.277692458770868
2018-12-09,-1.1841851067768858,-1.278523228037491,-0.7122641054289186,-0.2357603344452959,-1.2208784628124987,-1.3328030800861395,-0.641998403372214,-0.16689005273641222,-1.1732060841909273,-1.2859830640668448,-0.6715223431829113,-0.22607957409474258,-1.2178876060373875,-1.3115448438316315,-0.6027491909817346,-0.2385177407609149,-0.08255409795636068,-0.2512438527456265,-0.3076871709830491,0.5132099268215058
2018-12-16,-1.6292657517588494,-1.4039139623419041,1.6842468929283814,-1.5254580870070307,-1.5973602264219686,-1.435059389162269,1.3723330934253268,-1.331564067417652,-1.6841165227442847,-1.4837195936908103,1.1728701443997878,-1.2355198866077077,-1.6744508069607202,-1.4550222847307839,1.0940500495968684,-1.2067114496551454,0.7039882899408455,-0.014192109677976223,-0.26079225453128313,0.17642330034532025
2018-12-23,-1.5118298295539687,-1.6063889917284757,-0.5811180601412703,1.0262521380462304,-1.460163671922403,-1.5720134818638545,-0.7872858272808456,0.7763552931271074,-1.4556283950265347,-1.5391814946749471,-0.42161998654893884,0.9286747725871298,-1.3826629253636618,-1.4981914561310126,-0.7521425429493942,0.6313589061440941,0.33767529604880153,-0.09546086157061806,-0.2530245758315784,0.3246343240905705
2018-12-30,-0.6965241922376825,-0.665896979946645,0.7726643355644754,1.5172155268794805,-0.6214732833697644,-0.6374417462532557,-0.18800557758153663,0.9783345134085306,-0.666891028287843,-0.6205818219854335,0.8660254037844397,1.432476636076359,-0.5140108644088459,-0.5690365293112085,-0.400933154041058,0.8134637502984251,-0.028096896051005828,-0.24245788054035408,-0.23436354064431097,0.2633498182230419
2019-01-06,0.05159047642521412,-0.012219404902460044,-0.3253708136172793,0.7424865311562785,0.05012106804917956,-0.03798390904569789,-0.22813655436391728,0.7030539895115621,0.02878587020727688,-0.13582330203774692,-0.6262431076381232,0.38295067305831565,0.13551661708246357,0.013139200239166164,-0.4593863068053473,0.42588949396230175,-0.09917908101687581,-0.2584672109371032,-0.36622681206722724,0.23591450704436423
2019-01-13,-0.015853432691658363,-0.3245240178941662,-1.141640005568143,0.027216004131608133,-0.015452147598393633,-0.23041254968868513,-0.9407272557232026,-4.0399802235495507e-16,0.024478506786682317,-0.3422687751502279,-1.2763423714792739,0.09073058573175782,0.10311808882870095,-0.18211077108920903,-0.9949921482548445,-0.009466048241885665,-0.446811890080736,-0.3482593211705224,-0.3275913308008641,0.37123981505478315
2019-01-20,0.2837159846317328,0.27439773622801433,-0.3142719180786988,0.47587813363771636,0.3202627491993361,0.4091149157117965,0.034648716721918986,0.8247408393031351,0.31337209181741965,0.3632318407548743,-0.3518106204335991,0.535216165724807,0.4318179774305839,0.627748386260089,0.45110212284166507,0.885168745950527,0.1103242649895909,-0.1391186365582114,-0.18879291836908457,-0.02103600901613877
2019-01-27,1.606133811856068,1.6934228452296332,0.4298314623240887,1.071950741656394,1.738472355790913,1.7569300228386218,0.5758100583217783,1.1434511063982833,1.6866736525961021,1.8080190261538522,0.6461813648513938,0.9043156884067032,1.7436967739121942,1.8924107588174683,0.94224846395851,1.0469420935610125,-0.4177424426018728,-0.3655321749942591,-0.41398290679274347,0.41031995432514823
2019-02-03,1.686083874904696,1.5897140192072199,-0.6161152890819073,-0.2571508472657774,1.6400625333832786,1.5591005510531275,-0.6502485456913993,-0.40533139255122774,1.6301978413547538,1.6653318050186923,-0.5243297124238792,-0.7404932346005273,1.5401807466511876,1.6035836286181833,-0.15162921157908474,-0.8787495503274979,-0.7106469352878315,-0.396935519316111,-0.30695261257842543,0.4966437157357693
2019-02-10,1.339421268662835,1.2266689354471876,-1.055712187525755,0.15253076153020428,1.2789848379566162,1.1543799218137554,-0.9888433013533895,0.25868494705435224,1.3222365497394766,1.2666547107364754,-0.7647923507888837,0.2691587254650241,1.297780226602504,1.2177011360196597,-0.868421848134821,0.4815703393315328,-0.8233019205149048,-0.5066991163787218,-0.4161424276191527,0.2799895811927937
2019-02-17,1.679610152416733,1.7311651724156294,0.23171377854539849,0.845814130181275,1.6995079456519813,1.6548336575618405,-0.5735212627365044,0.4821564649788353,1.5994615952375042,1.5960004151120446,-0.27515410078683616,0.3310729153817301,1.6482654675458321,1.5632127586652527,-1.1386151831657298,0.05354415708624285,0.42543017179157083,-0.021971122046454024,-0.08844342976180801,-0.049242792054514664
2019-02-24,1.0296036538927358,1.148086204610163,-0.04524686159799691,-0.9396397113159932,0.9700891966526627,1.089896440721324,0.1872722490568189,-0.9131888746440179,1.0148107668493587,1.095481781308954,-0.021237973392994065,-0.9283629645944219,0.9727467474219271,0.9915142858003985,-0.2262814779193679,-0.6132118807943795,0.9981044557162124,1.0900208411109498,1.0865871861940688,1.543330766961593
2019-03-03,0.6888311441719013,0.5842562372028671,-0.9697787558034455,-0.2573791191183356,0.666823821839536,0.5640649797079809,-0.8952452057540449,0.20004927245137047,0.6858298071006447,0.6270918239510387,-0.8639540177118495,-0.4163716653590745,0.6250172213566286,0.5195839408613249,-0.7962130318543706,-0.4160011404089144,-0.8808858618615069,-0.6245524961362691,-0.511700438306753,-0.3211949691243421
2019-03-10,0.70263465996717,0.6949424426536839,-0.6201138654650344,-0.17855764857790507,0.7004027333602011,0.763205739328738,-0.18274479555795412,-0.4110833219522328,0.7644431249071868,0.8064615159897879,-0.34093771510603993,-0.2293040144902457,0.7183608120248648,0.7145377692656544,0.026202247441307166,-0.43416990493277385,-0.7041927682075183,-0.5094750439782161,-0.3319517996018692,-0.5742360371715406
2019-03-17,0.7509140310233408,0.7924099019860625,0.33439257016403534,-1.0682417460281877,0.8196754425647491,0.7356155598539812,-0.6554771923189493,0.08039625814373927,0.7025499081358899,0.6462298215769616,-0.5095246653650632,-0.8603963920405091,0.8236425465836534,0.780491794646051,-0.14511083741528863,0.29982001940744657,0.02365013456933909,0.3785730725955677,0.6171919121368581,1.0446337205437939
2019-03-24,0.9305156624233376,0.8191324926211057,-0.8621363512267985,-0.11868636041050759,0.8978400312071929,0.7607070302969423,-0.8861056270960249,-0.3813818343196269,0.927695043633881,0.7499898351112392,-1.0322446294587315,-0.47104598207940424,0.9130175872363295,0.8758462978558063,-0.41460239261511095,-1.013150614238857,-0.5076749945828483,-0.15551065165745145,-0.053172096921347056,0.14404405718075775
2019-03-31,0.877353059980385,0.9827076298239895,-0.25932121691507404,0.6619168182176286,0.9418881368213656,1.0883009327784092,0.23051292214346958,0.6122473236172786,1.0136527147796968,1.1522082969044452,0.6549592623552548,1.189390432453138,0.9856190470226731,1.1243793037870653,0.3938722729843558,1.0758886742893736,0.1975867447512255,-0.08483130033191678,-0.2864939622148814,-0.496359513321972
2019-04-07,1.2432129513361763,1.168804802516597,0.016689475749932126,-1.12633503518048,1.1827264949483691,1.2222029164314758,0.5656854249492301,-1.2197357539318796,1.2752360277828105,1.197374276196823,-0.056203366162034474,-1.0453602807456763,1.1886408222471292,1.1213955854779742,0.12438071778455653,-0.7692729177072338,-0.40034823980054446,-0.2662433441177317,-0.2802880161345677,-0.1668835661352578
2019-04-14,0.31720684916498265,0.27661718672360147,-0.7240306445312681,-0.48034876500344287,0.4628085674024682,0.2587136350991983,-1.1313708498984745,-0.09273670016027864,0.3752981783393648,0.3191971059593615,-0.7322701409555928,0.5880971968369466,0.39167151331665584,0.22837161779999257,-1.0557740885150044,0.5579438328749883,0.7158010229026986,0.03715935923132532,-0.39305455869372463,-0.7255805418727023
2019-04-21,0.6688596182377993,0.23994311164592158,-1.0171439703894771,-0.09317295265029084,0.5143064154016692,0.2268482178905423,-0.9734211522775953,-0.12216442145798181,0.734569913161655,0.4717969566049136,-0.8784701513317988,0.07757855016886937,0.600046900548247,0.19370167647632852,-1.4103103184004921,-0.08695052937211108,0.4672468699248429,0.35202982458270826,0.26001216400309807,-1.0864965968017795
2019-04-28,0.22957583733394304,0.16823164622760944,-0.6975396986121476,-0.18012462931782766,0.12756485559442343,0.0134772603029384,-0.6066813969699509,-0.28296679163561855,0.39579274325689734,0.2321481722796351,-0.8682592211478174,-0.5687594793182298,0.37942862807083094,0.0,-1.4392835302725422,0.06387549089834559,0.17465025659290387,-0.41898945052936637,-0.6007543835338098,0.07882427256456255
2019-05-05,0.09075801920112106,-0.06686209050741003,-0.8481952335504703,0.4089550914644517,0.16187776946945864,0.28817187226282914,-0.2020445344239491,0.8084765475303252,0.4440469840093057,0.16693254071478392,-1.3527645240066266,0.4859958913684299,0.14887141825140054,-0.21016911406349092,-1.50916387628091,0.44864711673628316,-0.7457854935496656,-0.4868202581547164,-0.2648309919861054,0.07696256821296622
2019-05-12,0.4960946000801021,0.16342542301808835,-0.8858508007304763,-0.18166841329702738,0.5238203066900147,0.16875546165056046,-0.952495662284274,-0.013725270326147579,0.5496559195872189,0.2404859720803274,-0.628037017476452,-0.03617609975381846,0.7242391570458595,0.41342958488258374,-0.7233728869212,0.17961871491668063,0.5764904224305242,0.2230209021668562,0.22996905304287202,0.3085282760012397
2019-05-19,1.266383060329263,1.0455794042664337,-0.5248270402483702,-0.16009727382141314,1.3528983414538658,1.2071100903454712,-1.14042327644038,0.08865489258295843,0.9483718016475103,0.6802452041904984,-0.8298941614200619,0.21979594054843,1.0597266262296725,0.8547709191782972,-0.7233728869212,-0.5207376318642867,2.38371588983441,1.0870409150960991,0.6781071863567855,-1.0865331162878449
2019-05-26,0.13713387956967907,0.20555661294825486,0.6367234288417187,-0.18700110642647919,0.3749003831288225,1.0442334792004988,1.5494912316380314,1.0182639361389298,0.20375929272531954,0.23244409423319065,0.802425923457959,0.07678538047244211,0.437335625970999,1.222568184137674,1.957327727063563,1.5109086719626423,0.8570866859869334,0.3010228626692021,-0.3802333364364412,0.17855433521704284
2019-06-02,2.0680064640661837,2.0525187700388967,-0.5326858328017103,1.327234211509193,2.17410034007482,1.8864800913060598,-0.4656155237561883,0.7445807910499421,2.1758371565865295,2.012521041468222,-0.4493585171364686,0.5733620991085224,2.2577007233493727,2.0181754201107993,-0.6737746338731827,0.11971675600493573,2.6064983959285457,3.1031861753948586,3.068447758416774,-2.8727070684215708
2019-06-09,1.6557132529683098,1.5926905966518852,-1.1178156866900701,-0.26474848054906014,1.5323299608139695,1.423742196385531,-0.3616451928912145,-1.191329265679903,1.6692653982159198,1.7756194426724148,0.47795211939924953,-0.5960395606792753,1.6736420512333279,1.546811415868755,-0.2838299500747635,-0.8817448061442935,1.001631057772803,0.5039213050413437,0.2733628019583206,-0.09225681934598129
2019-06-16,2.0405306750350727,2.4466451223280576,2.5150852950526663,2.1721507681291627,2.114000846654349,2.5178067484594133,2.4491861434831845,2.3379551676527677,2.0968996429473186,2.341743743664422,1.799307371887562,1.7353354420228262,2.218624298862793,2.3811199459631154,1.7740330738724495,1.943794828186777,2.2234568006565083,1.7438120742743044,1.7010114314114775,2.1520649733422714
2019-06-23,2.4109248382581234,2.2892881107537706,-0.056272947995266547,-0.11554933297794959,2.4321969242675077,2.13362109415216,-0.17947719283078206,-0.47300896540680815,2.388633099797534,2.1347882729741734,-1.2188856390205955,0.08320502943379103,2.3951652893229585,2.0565184882910534,-0.7745966692414948,-0.13773137862063242,1.2238495838433776,1.2877386608243724,1.401263782335815,-0.2513115354688969
2019-06-30,1.963713744746135,1.8397480002285211,-0.9878163553838657,-3.73368344861588e-15,1.9320338610268373,1.7555699367592823,-0.6523858424654795,-0.5417363388859672,1.9195256505529148,1.8308843355429711,-0.739940073395944,-0.3373956558714514,1.8409333470863893,1.715549916705393,-0.4146023926151165,-0.5600258558995382,1.0303000419926995,0.08042695929106626,-0.857701257455602,0.27581234151188383
2019-07-07,1.6901121295291068,1.756108221014892,0.520012625974235,1.3025518748910614,1.7646484099079525,1.9844886629734215,1.730913210773555,1.8052764437000894,1.7548729629540571,1.9265339958603387,1.653922507945544,1.705605730844874,1.7287052986118756,1.9175929522052801,1.360018510774898,1.6048116045273713,1.6464740432426388,1.6702666000366968,1.5689841430994171,1.6452249080762198
2019-07-14,1.422373425388628,1.4515877549314378,0.4863101325370257,-1.003096066721933,1.3659804583260229,1.3221797264333255,0.08303653243357635,-1.0333224254278244,1.4189679687911538,1.3327621413723505,-0.3050444380432888,-0.728426240011192,1.4503143300215204,1.195743443525525,-0.8581943515359395,-0.5067826119560068,0.723794594501626,0.6483662315489064,0.39211476444223325,-0.24454060018461676
2019-07-21,1.2038026882733495,0.9757560842277702,-1.506620567051792,-0.2360226039345755,1.1480750482870083,0.8635424338665149,-1.174337685535927,-0.5198418140307842,1.2280420215907935,1.1340985680185915,-0.660528634445984,-0.47532468295078034,1.2145726815101499,1.0252281788072808,-0.6102715388699866,-0.827750264031064,-0.44488124283108454,-0.6103691091902765,-0.5482596352396097,-0.05640909593175466
2019-07-28,0.40353282487559866,0.5499852102786102,1.037749043325525,-1.6446367543221385,0.38045859974379603,0.509946821314169,0.7796071282729259,-1.5750612944126225,0.31355940883478994,0.6243872087880945,1.6485971708756644,-2.0092008065762275,0.34180379786892157,0.5784454820108595,1.1632839067560465,-1.8035663986907176,-0.11964657674626383,-0.4075138222056563,-0.6687099417993797,0.21996189182696968
2019-08-04,0.06309309185923366,0.020976798507380146,-0.27489979437996376,0.839454185342471,0.07989518958652946,-0.03640948300221634,-0.2338821384818843,0.6346925015279838,0.13593069699814533,0.02067990357335602,-0.46533156623366156,0.7282765548412824,0.07562243916253603,0.0,-0.3213080552939222,0.45312602432033167,-1.3150524811329054,-0.9823889934922169,-0.8552475362482217,-0.15521356698473712
2019-08-11,-0.5947806578576915,-0.20412414523192737,2.1171722880781325,-1.6348348840518976,-0.638026205288512,-0.3828197069947379,1.2900075755259088,-1.4521963127029436,-1.0581211189551298,-0.474105056373723,2.6771120487305784,-2.1875112594786823,-0.9682970371209881,-0.6663420176741108,1.686622538913624,-1.860995708475273,-0.5145877799579339,-0.22755391412285372,0.10017184613320489,0.6611772407638056
2019-08-18,-1.7085826103740436,-1.6467962575007076,0.03953748097040466,0.4702949666450644,-1.77470691037555,-1.7614330954060922,1.7624808140741266e-15,0.48595293887559987,-1.6889405959413204,-1.5676054283324947,0.4506158452483295,1.102197400250057,-1.7329463414912385,-1.768303960035036,0.5172177012687212,1.0868922861208234,-0.7915376903959921,-0.6139394822220247,-0.5733125762107748,-0.10763073692287226
2019-08-25,-0.9560620353133084,-1.2141920453712451,-0.6426471705994911,0.5344396467973939,-0.9352516832137792,-1.1895835267776058,-1.0841279316362742,0.24494259564794638,-0.6901188300802172,-1.0527828115768414,-0.7634962393193624,0.40781386004793047,-0.7818014452453044,-1.13892762968569,-0.8605779746652261,0.30352554305305474,-0.9308452622842888,-1.020989655508069,-0.9624155212708552,-0.5224301731032479
2019-09-01,-0.5153545935475792,-0.7989880344938559,-1.0428046241437945,0.011373431759279072,-0.588510824964875,-0.7853414340930363,-1.013529699795049,0.010272225856030768,-0.4695246002709143,-0.7478166627353455,-0.7388505661443907,-0.3179531410722763,-0.5304562199968216,-0.7946006718737344,-0.8319636720592876,-0.17053377975813333,-1.0354122266963115,-0.8705351383531449,-0.6090803678774865,-0.5082891118763324
2019-09-08,-0.9141921199890165,-1.015380627169282,-0.36234872620406927,-0.4321904068522348,-0.936984495901775,-1.0831239017520204,-0.9494406129184336,-0.2922698419140797,-0.7934824002287995,-1.0506171036815017,-0.3040746087904827,-0.6773772728713243,-0.9478112284647163,-1.1001066919005031,-0.18776690404969093,-0.6497445911244066,-1.1057648938848699,-0.6920091103403821,-0.3226332379255398,0.24252828436546559
2019-09-15,-1.1687339343980125,-1.1553981984155675,-0.4966085446506393,0.8383994085200515,-1.1388953001930837,-0.9419702704343321,0.1251403909650168,1.0119747468409515,-0.9885225452115163,-1.1041089100765167,-0.2292004210743124,0.5828351392553591,-1.064901525078316,-0.9568339179395715,0.37201121258692527,0.9491525581357835,-0.7679031995577612,-0.9297790643396566,-0.8790354398751783,-0.28103115815715796
2019-09-22,-0.8463151693573476,-0.816961902132453,0.06477502756313755,-1.1092782696236267,-0.9400612391621347,-0.8954911276379361,0.10433283794674625,-1.0540648792915224,-0.8480889869567627,-0.8613483891131087,0.5192573967661125,-1.1486797769487647,-0.9301708690209448,-1.0039416270880048,0.2871986162080701,-0.9136547400823231,-1.206290745403488,-0.9307556617011422,-0.4536013296054045,-0.4813032675150874
2019-09-29,-1.4604437663862644,-1.5745144561526596,-0.7773003307575529,-0.5532731287818141,-1.5240421830209052,-1.5358600374864149,-0.4652504278815735,-0.5779431075120997,-1.4267474859522713,-1.607763626392824,-0.9727183700604722,-0.09984204171874986,-1.51976085258685,-1.649408030393246,-0.9225598220766855,-0.14736366775521872,-1.0348407847831236,-0.9089391284862004,-0.7800429343338812,-0.6039429537765292
2019-10-06,-1.3125737476231312,-1.5098083826121282,-1.141906346400649,0.547560024745203,-1.374804869439416,-1.5328357856392223,-0.9059610595688311,0.5215602723937186,-1.182222927049919,-1.4882289610890624,-1.185764310887167,0.2876779808912296,-1.269584958998011,-1.4682360943726143,-0.7890940789070012,0.11023676724925954,-1.7419473098296603,-1.661438224805881,-1.545600903247542,0.06436890793429245
2019-10-13,-1.7831857104857032,-1.5041983260307694,0.9105192573524461,-1.3860347483267097,-1.7866575990981926,-1.593857188776153,0.8782753106899409,-1.1492717328584423,-1.9737062127954976,-1.6700505179796594,1.8702876004780642,-1.8680775611835523,-1.9057636029410812,-1.7295061693636997,2.025507086134836,-1.7189455690471203,0.039936684825553515,-0.20636129661119468,-0.36945598389081447,0.5300512380650485
2019-10-20,-2.2080120391874103,-2.069061985373338,0.7790877496995067,1.5621426569445491,-2.1288382263966015,-2.0028494290744323,0.7507205023195163,1.3291268748079963,-2.0903950339686865,-2.0086723378646982,0.11920268406260232,1.1849386593591449,-2.0387203147318878,-2.0313319956330784,0.06677805632941818,0.8748143751636112,-0.2558736491203218,-0.45064134323708305,-0.7573588745401981,0.00488533058797475
2019-10-27,-1.2537853540654975,-1.3347945460561628,0.04217307497154079,0.8440951708522494,-1.279828583450727,-1.424665207084527,-0.4059423428390943,0.5902693485978906,-1.1471735740411984,-1.3678969019846452,-0.33270302687403563,0.7265084218174607,-1.2630578596434192,-1.4524264238822138,-0.49039968409172824,0.7464041996923714,-1.3689900113876459,-1.031625554455489,-0.44646384753644214,0.03446271685949624
2019-11-03,-0.8859015019001256,-0.9160885104018568,0.021137508160791203,0.4384356105053745,-0.7402849440128362,-0.9117101139000444,-0.6711311740834961,0.16009727382141553,-0.7436637058002044,-0.7695721038568284,-0.18820083166386958,0.5250983283985672,-0.7060622231474256,-0.7729692442507649,-0.0854565606522971,0.4054199004997549,-1.011951308656019,-0.45453141807409786,0.18503779113788069,-1.4622809191119148
2019-11-10,-0.8414764502598306,-0.7966599236505084,1.0319627071841684,-0.6643189984053739,-0.8376486187687836,-0.8823010781026007,0.963987588204162,-0.7193971184116092,-0.9017789295833296,-0.7440916048338301,0.5937037764575253,-0.6600211139558835,-0.8941518818597585,-0.7452690314882335,0.7539370349250619,-0.8645480369169517,-0.4871054362496114,0.7892947013222453,1.6528198650687744,-0.13275534822771537
2019-11-17,-0.597006541758475,-0.792706276857181,-0.09273670016026253,0.5694162843474565,-0.6744474245161818,-0.8634935656187003,-0.9639875882041513,0.1426177908537903,-0.5804048598969092,-0.7445959151936594,-0.42741808355719635,0.3388568304736538,-0.587695240950639,-0.7398173651298443,-0.6426471705995142,-0.05870582947302426,0.23697742001192615,0.20926048401299696,0.1382217689441146,-0.41776929869622886
2019-11-24,-0.5838085405013649,-0.7670858611866849,-0.8464792007599358,0.4276709697493674,-0.5936289539689533,-0.6420387375057753,-0.20106398622855548,0.9119108849093976,-0.4441314040675579,-0.626896619229202,-0.44908871313907617,0.8708023857481499,-0.4486596377287321,-0.5270718941017707,-0.4409269208246884,0.9657086413695627,-1.2413534150388463,-1.4621670272520677,-1.437669432220915,-0.6585119031319493
2019-12-01,0.21353538835757016,0.12201777521731003,-0.9087679831155172,0.5577500028652007,0.08864379108518158,0.028187555498380316,-0.6924741724573401,0.6520767541981018,0.24417165130209142,-0.05779660239816241,-1.0539843702190141,0.16770561011016966,0.17415431331915393,-0.07531823724452444,-1.17522869196568,0.34313175815375296,1.0293447705809347,1.721661650412855,1.8877200017262696,-1.7457399199922816
2019-12-08,0.10511413095888429,0.021872405831617713,0.9879029320417355,-1.36756653226451,0.06897546337628786,-0.08595527639060092,0.11053141892756307,-1.1700166481468304,0.12030995602440912,0.22337423731498127,0.6094716603657915,-0.9831221342156032,-0.0010778350901695188,0.06488161270682982,0.7634412693801877,-1.0557740885149987,0.15114781416532555,1.2872545840858736,1.8081816516775844,2.694841416500404
2019-12-15,-0.19916128078936093,-0.43138895310252173,0.15175922164474115,1.0289400445529335,-0.16591132819580187,-0.22857433399065302,0.1495915184013307,1.089783262854212,-0.026444672981699766,-0.2262814779193684,-0.04954787398763806,1.0631325465548036,-0.0546528386719016,-0.2180523317412645,-0.4179182701433863,0.9941969129412073,-0.01899593480256328,-0.09733275167480007,-0.006228294794346115,-0.2904736309382443
2019-12-22,1.4811296664180722,2.003958662418729,1.1666763061101841,1.284306100932546,1.8643279858344706,2.1286513304282733,1.0486114468388663,1.1114318909335328,1.4202918516407732,1.6885053707301803,-0.20106398622855232,0.6848033811664354,1.872463140263177,2.060799909567052,0.09539252106163167,0.8519335908435964,1.163725074758877,-0.06585100335122675,-1.0052511042374295,-0.09738381987788802
2019-12-29,2.407358018528918,2.499842869771674,0.3283460184182356,0.8302566938593567,2.3785947843301383,2.506701599947077,0.07273128007075415,0.7834110625169982,2.2212359992702004,2.4819359701664694,-0.6625891564490753,0.4866559257456849,2.2233210604955462,2.307159613909574,-0.4514434705919524,0.7534886223812182,2.533048569444669,1.460877308324911,0.0042486571853415514,-1.2489677141709365
