Date,IBOCStock_Open_average,IBOCStock_Open_max,IBOCStock_Open_min,IBOCStock_Open_volatility,IBOCStock_Open_change,IBOCStock_High_average,IBOCStock_High_max,IBOCStock_High_min,IBOCStock_High_volatility,IBOCStock_High_change,IBOCStock_Low_average,IBOCStock_Low_max,IBOCStock_Low_min,IBOCStock_Low_volatility,IBOCStock_Low_change,IBOCStock_Close_average,IBOCStock_Close_max,IBOCStock_Close_min,IBOCStock_Close_volatility,IBOCStock_Close_change,IBOCStock_Volume_average,IBOCStock_Volume_max,IBOCStock_Volume_min,IBOCStock_Volume_volatility,IBOCStock_Volume_change
2018-04-08,-0.754030644876573,-0.7687804118745786,-0.4831573619235588,-0.18943695484367326,1.0603423587507768,-0.8793508765799919,-1.1633961849186618,-0.6217996073200843,-0.37497216428668423,0.6835365435892138,-0.5371261838982092,-0.8081562654616277,-0.22542811052542555,-0.7709053350748863,0.39011722828669987,-0.7960470487880263,-0.9115874535195991,-0.6466066830814601,-0.06445544021645493,0.5895269427065309,-1.4046607229319323,-1.0199423803864007,-1.306029152010648,-0.8496869828229644,-0.44606405588989817
2018-04-15,-0.4382842326584961,-0.7457965993642739,-0.3054233841830536,-0.5177943432393567,-0.08250199811946667,-0.5668907761986434,-1.000576048720925,-0.1514925404104292,-0.945740454758097,0.28120556453806184,-0.1663644213030629,-0.4157884292679228,0.24310106834688164,-1.0229693489277736,0.0378624938237982,-0.3646320619642887,-0.6031496279400428,-0.17498917658972737,-0.5108880292358008,0.1871933880785562,-0.8937465227190606,-0.6555679115013137,-1.1096788111432445,-0.4679826575694067,-0.5182306884065441
2018-04-22,0.636866538456928,0.09451837357317354,0.8045048407351557,-1.2565984671296566,0.4251601237406374,0.5771859564581654,0.4090592744566901,0.686421818927658,-0.4864631360041654,0.44475873670017935,0.7475847213249048,0.4720567438187866,0.7639868356702614,-0.47080213927456227,-0.0727997782973914,0.6855289797373251,0.278567022699279,1.0864051576444125,-1.3706388583474138,0.03898043320517492,-1.1353420027025034,-0.6995173888606171,-1.4837241119552937,-0.37189530138887794,0.30680776167739193
2018-04-29,-0.09968391787759641,-0.02143460417745405,0.15131913820979148,-0.2556859453772057,-0.8730693563651241,0.03578943326264606,-0.33254147119815586,0.34451864070007715,-0.7514254843840409,0.03307541238117983,0.13008994620497918,-0.19458158584111027,0.6771408358522619,-1.035709264168772,-0.36265546429936063,0.053729725027270206,-0.14852910908080794,0.4687070647587168,-0.7927673930854333,0.5648516301467233,-0.831947301938033,-0.7785230228496105,-0.74293247562883,-0.7043933064842126,-0.5902293062939243
2018-05-06,1.3390133218155302,1.5036033642297637,1.0909227861605575,0.47376188024102867,1.113472707223477,1.4379972292882663,1.5814807422199297,1.0908165980681752,0.6997434906947414,1.3639090258683788,1.1492362454468783,1.6407835018414623,-0.13886262285331416,1.925376163228532,0.918389872555337,1.650474564310825,1.6674112918822077,1.1043941301255455,0.42183306520372443,1.101593910667778,-0.799184111699951,-0.7584682349126988,-0.6337877392526176,-0.7158206973840773,0.27736074136368843
2018-05-13,2.0259504725184367,2.1798073974041325,2.028296623748229,0.24605888885121488,0.8120094442469928,2.0820113978571575,1.9829848564044719,2.129657002759845,-0.11578610955680309,0.9334920845290825,2.2227976464168573,1.9474866475907595,2.3713046672569,-0.4335053811954389,0.603591210587149,2.0485640365226225,2.017037818380938,1.9342888983109066,-0.25735424931442136,0.5258034387318793,1.0653585088785174,0.22746849909571693,1.7253250196910457,-0.3627338106525632,-0.31902356334316845
2018-05-20,2.023808487063655,1.9954793307755414,2.100205896679486,-0.6072760038350846,-0.3110593906836018,2.0777167629642195,2.139472074490465,2.103940926750598,0.41682999440447027,-0.8270555140658147,2.0722280942537377,1.9962274109772258,2.143290788119638,-0.24175811617996595,-0.4769521841662177,2.034428834299624,2.0154697218621274,2.0630899232394126,-0.6479194572269507,-0.4653273763072633,0.18363406326783938,0.4219112150249466,-0.49282332498217096,0.6778757553105206,-0.8806429827291159
2018-05-27,1.5953116580326574,1.5753644784414176,1.644297923657069,-0.3731852309161493,0.5810975981749158,1.6919810302727,1.6197425212059897,1.5706799981100472,0.8810220306288203,1.2289767651337056,1.568212810426885,1.495918658775043,1.4206727661936913,0.2024617439386948,0.9433697145835579,1.5679878676497243,1.6027435075063272,1.3855729152258904,0.23778888621672267,0.8000383863499768,1.152636087065105,0.924819455069048,1.063144990832219,0.7200462295892609,0.23016815360134332
2018-06-03,1.7196739750873418,1.7019648567161072,1.8698296186267251,-1.452502867800525,-0.08315499749592509,1.717727038397552,1.6446852621682087,1.8745424038980043,-0.3564414672479672,0.23734211390768384,1.724131360320913,1.5189841393026222,1.8387978316477047,-0.8260968045040282,0.058018650621782485,1.7403520497051466,1.648724918972595,1.8038836916018492,-0.8778342343079458,0.08237039612848522,-0.011183330204720626,-0.07286571124835431,0.5329965033283716,-0.2966332557401648,0.07018272043296768
2018-06-10,1.2803226356142006,1.2907594202910253,1.3187340768613658,-0.4891081085450704,-1.1999848774125237,1.2200217697826004,1.2622708382596393,1.3686309942220118,-0.05189783277099842,-1.206980895032472,1.1455079898033234,1.147365744896794,1.253344333941294,-0.3849019740753151,-0.945236980739908,1.1619066864929448,1.0895147670124983,1.2952571037956007,-0.9604446047034224,-0.31239829726239565,0.5533126366028065,1.5601821463168666,0.010993335760105064,2.0477380510317156,2.388563318676131
2018-06-17,1.2518583887088446,1.2350248127656245,1.168038673971227,0.3572516966787463,0.823417730843418,1.3287694747439405,1.2510338187173116,1.2893588750573832,0.40768712416360775,0.9459815522173606,1.1664841400661217,1.209665194326595,1.1974074485641417,-0.027439999819813446,0.01982594688863733,1.3028821728100315,1.313004261210501,1.2862669019757276,-0.2936885494565128,0.00924762594365687,1.2040534195888504,2.3570368691774273,0.17662236025409045,2.63157311839135,2.5833345272704107
2018-06-24,0.8996767901466205,0.8463339677876474,0.834062959453218,-0.0465980473928932,-1.0687229401865408,0.8729073716839462,0.8661410669130588,0.9260425160366221,-0.01324222633605702,-1.39463341636969,0.7630959427076898,0.8279027107956403,0.46895582304553834,0.9051626701094486,-1.4795195454603192,0.7599986872964182,0.8701179924041997,0.6635778377891971,0.736543552724188,-2.142996816562656,0.2758120037359243,0.26447484352931555,0.2586218762806686,0.22166616446488607,-0.5206252507229856
2018-07-01,0.4995362534995408,0.41671499154421915,0.38508472974801994,0.15532682464291217,0.8447487346643406,0.6155872695434029,0.6211478593649566,0.7786977764628941,-0.6503569271112127,0.26191535355611756,0.6343972686007615,0.49785336552032805,0.6740743202332085,-0.4102273635430658,0.6334405628034603,0.6398292502459015,0.5672888973888549,0.726124851121796,-0.8214159957927161,0.15941190695341378,-1.4102304835925903,-1.006767715632532,-1.0102547163616935,-0.8495296704944268,-0.46761891309732523
2018-07-08,0.8753912060507159,0.9284672410774539,0.9153655478923087,-1.3644860081796873e-14,-0.6252180968067172,0.8205289192096452,0.8105627196822017,0.8405272570050759,0.15660317026750492,-1.3193898111188367,0.825455527337127,0.7407473544312546,0.794881342514022,-0.1899241241951782,-1.1012839284131752,0.7920990095704222,0.9118160053393912,0.701691025320443,0.8223929351318389,-1.6470682875283336,-1.06247964266762,-0.73804972776833,-0.9138271351803166,-0.5674166481390021,-0.33324953624725695
2018-07-15,0.7273118439049697,0.7644178628368926,0.6854645081333915,0.3609499548127357,0.9144630269350413,0.8142925911430665,0.780289077735267,0.7632976109247278,0.18943695484367148,0.8374121997256365,0.9128205167686286,1.0306241654698638,0.756993488572119,0.3886759973671594,1.0062480279763546,0.9449771236511932,0.9686837778526038,0.9391187564191005,0.1107780877051182,0.8075939397070023,-0.3480779898476987,-0.31974687426504467,-0.6380155887009068,-0.17329074838877603,0.5254841104679432
2018-07-22,1.2943440123158754,1.323171923445921,1.3862387541992323,-1.3452936144770373,0.07810648254135386,1.2853544715016227,1.1201343020820524,1.4098218482324605,-1.6123400151291565,-0.6650186820684423,1.1552934732963238,1.0146473691976106,1.090974852423018,-0.5078410999870138,-0.74024247079126,1.1946777625226535,1.171378520903568,1.2635201011177677,-0.6953264238564174,-0.9007561602307304,-0.352781395247345,-0.7439641112884721,0.15497637754534488,-0.8549871584437648,-0.422279629199313
2018-07-29,1.2402739305339434,1.5205237280739907,1.2096414702140148,0.5712890691614594,0.7610159651053997,1.3631714057028494,1.632668896989714,1.0873048080399503,1.3139927915182228,0.8227112317515353,1.1765304338448785,1.2871241093295904,0.9291176828089576,-0.3012398976764854,0.7782997352497505,1.4251034598187031,1.7248144426774532,1.135752684695519,0.9379470274488833,0.6652993568776464,0.35289940010882664,-0.2454137073492932,0.4269019284251663,-0.37774425439803655,-0.9291892130716825
2018-08-05,1.7775325290091475,1.6123183917028916,1.7656652617600628,-1.6620511287023874,-0.16030637105980006,1.7938680724240812,1.5217718205053676,1.7862050894555415,-1.283881477532735,0.3472161777644495,2.0363493641472883,1.8993257404849393,2.077695505194213,-1.2687986074201596,-0.020794565452975766,1.8464690943795283,1.5862286981348823,1.8148909318165074,-0.9568080060358909,0.49102156918071105,-1.414885544908251,-1.0769242685530498,-1.3015269354397394,-0.8155364970126875,-0.4620777924566395
2018-08-12,1.9607604479383518,1.6768144755752896,1.8486111515449366,-1.8350999824605567,0.25574243157577153,2.1057021332480126,2.120539915027992,2.0202067087978466,-0.4990383926088737,0.6192752384313501,2.1169547214265068,2.1270482701648854,1.9955326346603948,-0.9446395057557947,0.4983363512461138,2.0336630203236616,1.999278555302527,1.7890078889950285,0.4092051444443141,1.099937505326196,0.4954414581111251,-0.005838809774745062,0.5025970946563633,-0.122441992736886,0.576103873886234
2018-08-19,2.2082804624248316,2.2058467948061846,2.071100032342156,-0.5026246899500246,-0.09754260561647295,2.127174737354432,2.1718996281064658,2.1200543221549997,-0.5431500726945625,0.02563591357537027,2.170329956350242,2.2508311845956555,1.9569434004686839,-0.26845145889939,0.42287217043309794,2.1145986559596897,2.042512306805733,2.136411279508063,-0.743805759983978,0.028074342590551735,-1.1274399533572943,-0.9926281078127268,-1.0565715241210158,-0.8728288261409453,-0.4406717053400527
2018-08-26,1.7116511289253842,1.5009162935972484,1.754011137100403,-2.2330960717205146,-0.45087485128942884,1.629303374230577,1.6691963238032674,1.7965215666239827,-1.2112984713188815,-0.3058078040086527,1.5973909583919552,1.6228141865329258,1.4733747865412803,-0.15995169458658398,0.8810852414900139,1.6667679185654534,1.6178229204620285,1.749538303380115,-0.770064486688094,0.43023938725727373,0.24893011978284194,-0.0044322932865294,-0.13649565291711901,0.022351355093499264,0.4881209689030425
2018-09-02,1.6439192262328333,1.725174177559592,1.5761133345117244,-0.38371768763465125,0.40771126958750525,1.629348493718977,1.665989205878833,1.6145820392722252,-0.3340349544862608,0.002221857200161572,1.6679232740624328,1.7529311930212461,1.6935997806115681,-0.6380279351389703,0.37486142908310904,1.6696805529246135,1.670541177120613,1.6596039999900842,-0.35022598101071,0.7463059470225218,1.4494517956963078,0.6395430592841045,0.42808041056730645,0.6325349400084946,-1.4223139339201247
2018-09-09,1.5286022813544404,1.5381438374417973,1.3177516330836312,0.36731622073588477,-2.000299903322327,1.524715979709256,1.5361394326709228,1.5181851963551787,-0.48301800461853556,-0.7298081666831789,1.498171413359457,1.5325054408739518,1.4261186026933275,-0.3606244850785447,-1.3402576097512515,1.464261331268427,1.4679359132811802,1.4594456483515619,-0.6233868593432542,-0.23156690059310106,-0.212836655242339,-0.48284266272741067,1.064902016640655,-0.7292183650058494,0.09161270387052822
2018-09-16,1.1614196083738013,1.1764475370606393,1.0127705090822103,0.4253505341751484,-0.2990649435250749,1.1433058747114007,1.2290106562575966,1.046804236703756,0.8251557578900204,0.22623033041540563,1.0186784291373339,1.0042896764105604,0.7826594952673854,0.49669057347071915,-0.17405123197219274,1.064854638102811,1.2650990618945097,1.0677845431304729,0.5631685235136433,0.10378588754730995,1.402096036193127,2.827649091158671,-0.35979305596513805,2.9613186342144644,2.6814719966213487
2018-09-23,0.22833836218089384,0.630281114943403,-0.30404488406084806,2.785203378486351,-2.5700779603091553,0.07531459131461953,0.4468387138628234,-0.3160403051158912,2.618482846147288,-2.498435144350928,0.04175773888177815,0.43977774943700443,-0.09932769571615772,2.2390874624605903,-2.1055387487333452,-0.14229383804195353,0.18382641097518437,-0.337194019199115,2.088889365135622,-1.8470777717967455,0.11318923386747703,-0.04986218400435593,-0.6655500485553464,0.058754115845030624,0.15963069778858266
2018-09-30,-1.104127139350185,-0.8990239101494447,-1.108316061923323,0.7823387201412589,-1.0273269171084696,-1.0309387632243834,-0.6016095831447149,-0.9201271031463891,1.1426754497137694,-1.5421521068270823,-1.226937231810426,-1.162879312764034,-1.0700948107956398,-0.08168731485725146,-0.7282119748834267,-1.290313195873759,-1.3674247141459994,-1.18299111339231,-0.26040667235174464,-0.6158571833120543,2.4807978483820463,2.724691286202914,1.5636261669391909,2.6767111018588032,-0.49151816150717803
2018-10-07,-1.9569412865634215,-1.9473360781986935,-2.141853352617534,1.443228683525009,-1.5919677847013987,-2.0601967675676383,-1.9685275991140827,-2.3239299837460874,2.2113229241352386,-1.7229075157141984,-2.375076043539378,-2.0990328137708465,-2.6318111363006365,2.9598781506626164,-1.1347695901771138,-2.2379351073358174,-1.962382314335034,-2.5634884747741924,2.971670420461165,-2.5962060836884393,2.9821548959356865,2.1732522678171953,2.975961128502144,1.8950906352980132,-2.2888010616825194
2018-10-14,-2.445671573858113,-2.561629217935525,-2.328895532914606,-0.13693938644863973,0.13804933326643604,-2.3810517811127068,-2.445926329336824,-2.215264658684954,0.5716801917113989,0.10566488603049036,-2.2136863104814943,-2.4333364470943843,-1.928838082114454,-0.5892331088826406,-0.512416302883451,-2.2932351795027697,-2.418490629476653,-2.1132437402294415,0.5449199618845544,-0.6080931525437816,0.42152438735455466,0.21867892176199277,0.6180644538194563,0.13036893795687468,0.23878934996409326
2018-10-21,-2.4045086250584764,-2.2440551845849983,-2.454635046304886,2.2971628100225003,-1.7046774353083205,-2.425969625128767,-2.4475363180646013,-2.3568303923299267,1.1669121870806525,-1.4306556905153753,-2.317651090815058,-2.3020234629632923,-2.2330627567162145,0.7881429167536519,-1.6835588040143608,-2.373968434478453,-2.428915767244388,-2.2978730202240585,1.0456779449764395,-0.8466843748464101,0.49370766157481394,0.04359987725651243,1.3804343241254902,-0.24296300402324855,-0.6547794220241657
2018-10-28,-1.7418854251793685,-1.900376001054022,-1.6623979471916361,-0.1272855850519461,1.322437512870816,-1.7676312827360603,-1.9188924563047336,-1.6684737837400814,-0.5669283712490557,0.9470180909835704,-1.6121867580692038,-1.6929629323294906,-1.5230625068907289,-0.14312930060267112,1.3242327735773614,-1.6524988873650956,-1.7264408649159475,-1.465012349698002,-0.359191924899063,1.0091993297371953,-0.10671992593977718,-0.47259827498117635,0.960435267669177,-0.7385608745286657,0.0673874480262763
2018-11-04,-1.1345084166616521,-1.1711416764975968,-1.0980814830284213,0.22438117879446878,1.3944747529834682,-1.1290969859472872,-1.1967717004552831,-1.1458093921661048,0.21721729548519766,1.4480501618487958,-1.0573610592029148,-1.0859021551662955,-1.0392789667718487,0.16662827058839164,1.1520458850025719,-1.0336255136384438,-1.0554634387025066,-0.9583913365150456,0.02589511638301419,0.6752094193980975,-0.24365782475918982,-0.17790604095421178,-0.48352570387660915,-0.0926107912196627,-1.0399881569697156
2018-11-11,-1.1085097606148993,-1.1399561618854819,-1.180678307415255,0.8228256893876863,-0.48916925376778386,-1.1278666333379856,-1.207453782236685,-1.0555700826650527,-0.6101464463006665,-0.2200278523736646,-1.0829856136471954,-1.1344798548202681,-1.1068813886255164,0.24221710145003664,-0.231875673054742,-1.1184145201919389,-1.2409575184157886,-1.0834547263199186,-0.3191922077173586,0.10630335623772268,-0.7916739171347644,-0.8965067110839681,-0.3213506785033316,-0.9214689709552145,0.26876110519621704
2018-11-18,-1.176077607998,-1.183619283284873,-1.149983173124236,0.4135249739929824,-0.8750324097398782,-1.1993078500604257,-1.2071545277474596,-1.1656348348785397,0.04022861171194368,-0.7142371696605149,-1.1214440713629814,-1.1379460114131468,-1.0355003475476823,-0.26006861439414886,-0.9941060190010477,-1.1874792429801624,-1.1779403958829828,-1.0545269634660028,-0.2993866893361554,-0.5661944402726209,-1.0417724923974157,-1.0136045251138173,-1.3284376244747487,-0.8341088070461019,-0.13313003808835142
2018-11-25,-1.1270609008433838,-1.2327835879562294,-1.012124159175627,-0.9901174961593532,0.04548584288038981,-1.126895100260398,-1.1946716345707409,-1.0403673871352663,-1.0646864083734926,-0.019669065528341603,-1.0758294224673883,-1.1371468395022954,-1.0519262350823924,-0.2624719352305532,-0.0833806146610186,-1.0878822388633516,-1.1952952480681847,-0.9979874661553001,-0.9245228085967492,0.40508618137854846,-0.3081620249029857,-0.48228086652751007,0.15065239802381677,-0.5627601257952218,0.3392714437557716
2018-12-02,-1.2521506623186784,-1.0158143101747248,-1.4045135248038412,2.231291196381009,-1.7087773802298523,-1.3191687455487713,-1.102917236830985,-1.5050739946987048,2.4151212003105877,-1.7024021468771018,-1.3800292752345373,-1.1516709148712507,-1.4400180846748525,1.7414563519682429,-1.9620096382792946,-1.3927004344557263,-1.1031291228393796,-1.4050888222529094,1.7575031676585335,-1.8577278429971962,0.23365817421307755,-0.2055209520459395,0.5825072127496562,-0.349389193213019,0.3385606082819063
2018-12-09,-1.5011998522774672,-1.687840182517253,-1.4207458444677494,-1.0489005845209745,0.13918013392790288,-1.5233751227187258,-1.6666025629904107,-1.4680829390695094,-1.1398966853231023,0.21337193077172745,-1.466911900167231,-1.6195947356543559,-1.347558974144997,-1.2355397417112761,0.5065399347915153,-1.5147511306878851,-1.6067676867121075,-1.4030858543326208,-0.9623644570765969,0.3414979328485377,-0.01403985460556052,-0.13302564072992032,0.46485053701720563,-0.24866459421370504,-0.3614537554333578
2018-12-16,-1.6249458251405406,-1.6412170054212578,-1.6766513944404657,0.11418638058093077,-0.03704416704740542,-1.6192774115463464,-1.5932570216793867,-1.6863667889451244,0.23184940955936834,-0.16986851918409648,-1.6415884413099995,-1.5773919784912165,-1.6573129982811454,0.267598092815587,-1.0154717328846772,-1.6715587370253175,-1.6312921112405556,-1.7120137476766197,0.253185465650537,-0.7509689308311002,0.9455365132918507,1.0277099938040797,1.766781749503715,0.7289583973869441,1.8525344403800459
2018-12-23,-1.6651218969856592,-1.6943260726314147,-1.554239414214765,-0.589879710788623,1.319526144044501,-1.489834594691513,-1.3298389230930812,-1.4843348093144135,0.7925576443524213,1.9771952510177806,-1.6385447576855676,-1.6682593782172603,-1.5715468238855637,-0.489781799019276,1.3878923970677768,-1.509662992923589,-1.579926339178871,-1.6235330033752011,0.1759809195887058,1.6468527697212654,-0.4459510323915329,-0.6066128184007518,0.17578421184708523,-0.7254775818251868,0.11366659001725161
2018-12-30,-1.23635398929656,-1.3784109108699336,-1.054229464021713,-1.3936647400883964,0.4929647277548982,-1.2526629156179767,-1.3880869980291914,-1.1214543788757783,-1.1451140510145144,0.770205584796249,-1.2093697037079825,-1.3301390182794244,-1.144219219060963,-1.0004170396991952,0.8724167596065022,-1.1550669197662256,-1.2137663969258439,-1.0966573184621373,-0.6962775884726088,0.769346583648843,0.1928803686886424,0.3233932946720783,0.5014275012740281,0.24772510596193906,0.09178800446503992
2019-01-06,-0.9024116743754524,-1.0091966498730685,-0.6988635003344207,-1.1395379383513253,0.4425832200260801,-1.055203607051507,-1.2263473125290534,-0.8523120311390076,-1.3319454530562678,0.23231118027783787,-0.8320144066237354,-1.0122068308832455,-0.7134956280270065,-1.271834853980257,0.3721660525020264,-0.8771282562962355,-1.0237712660396374,-0.7165567763996102,-1.2731430643772774,0.2963683505030612,-1.3935904483924373,-1.1482423350175657,-1.197759233259901,-1.0035933517884394,-0.44688126950734497
2019-01-13,-0.5894983475638617,-0.4795241579473724,-0.6706502092523325,0.33783680529840177,1.4601391032227042,-0.6234059565245343,-0.571894971601105,-0.7178905944135469,0.45452002962724053,1.3013204692949873,-0.46790625599644764,-0.3793891760726611,-0.5987919813563589,0.695222092741249,1.4741730737686742,-0.4126330441489167,-0.4176982948815059,-0.49473732037114737,0.3202693047615224,1.2991151918419175,-1.047350980662559,-0.8466461588713692,-1.0415580264664634,-0.6729060078305802,-0.4411502796261592
2019-01-20,-0.3083179069476471,-0.42575580438726945,-0.06614088599469141,-1.0925200038686778,-0.10272932118959453,-0.42608770754142705,-0.5360395200621845,-0.2604911370079273,-0.8207540925378981,-0.23376848582941084,-0.40036965618002485,-0.5033466290324081,-0.5116730144623312,-0.058059538128192895,0.07493584629682419,-0.34980927301634696,-0.5347683156360901,-0.17687318046882497,-1.2949958060866824,0.21471304061731006,-0.7998539402192505,-0.5200527013218643,-1.241456406179042,-0.09578509078062628,0.2344062961140104
2019-01-27,-0.24967481641438938,-0.40768804984746926,-0.05178286185635811,-1.0049274731630191,0.17808911549908685,-0.3285025067677503,-0.49916789095052794,-0.15800400637267942,-0.9681219014263553,0.07072668802879761,-0.1965784709394711,-0.31394658990130725,-0.1988434434216102,-0.45804342764883993,0.11244003272657185,-0.2116995633279829,-0.34157320116092427,-0.13208579204362522,-0.713646265015096,0.1557726512953833,-0.43919663358878297,-0.6531723184731402,-0.03188263665163756,-0.8984778834614343,0.28925476463913324
2019-02-03,0.3332731872324993,0.27647922407192393,0.3477059016135519,-0.054948875603526764,0.8487556086931979,0.3273900278507294,0.45685686163947736,0.28301641422615176,0.4258950695543008,0.567749795417689,0.48596984491123885,0.2916656897924093,0.5234296419337785,-0.5917932409696006,0.6595672625090239,0.4635085878171486,0.2957953247240422,0.5640564299652405,-0.791486712175951,0.38344448759200317,-0.6065496016937911,-0.46592730526547044,-0.6515690452776814,-0.34185649469029217,0.30091228750659493
2019-02-10,1.2105171979872025,1.1884208066424315,1.038058197645568,0.6509546135791552,1.4308217237622078,1.3236863228988867,1.3652113805550732,0.932556220059975,1.1081260309288599,1.5605855430416777,1.3630724280300721,1.4272306146511236,1.0515143829111646,1.2782275861066714,1.608233663278419,1.4962223608951286,1.6452710356296663,1.1225116504170336,1.3729555640845184,1.5963012259661242,1.7047035467156053,2.5114449201886373,0.6637130284429016,2.8086884147119497,2.9057643756076823
2019-02-17,2.0738553465871123,1.837539303846042,2.147930671398418,-0.43212893024057464,0.5094699972341531,2.0863079881695628,1.7684900438887476,2.226619367404256,-0.8914934218923337,0.20661536379227977,2.0920438665305805,1.9478387875124752,2.2638476318910588,-0.4633312681692613,0.5592897593404003,2.1068734184901707,1.89460734480112,2.1463972819819612,-0.7531032866742544,0.2842306986582902,0.7233172257726007,0.17703057236036562,0.8714483254026432,-0.03180240849095908,0.5104679679399582
2019-02-24,1.9520721613490941,1.8482944680404125,2.005491748274924,-0.1810822813436661,0.34174044551228716,2.0057152146026347,1.9501757610678467,2.0741768541601457,-0.2199310021698738,0.34821777204011467,1.958149636385722,1.83553207044898,2.1033050163566847,-0.7755611752522394,-0.021067899520075196,1.9302039774587938,1.8778027185055415,1.9112192846266833,-0.12912111710184118,0.30416504127911437,-0.6783883475767881,-0.4535197208267859,-0.8886945092456541,-0.28186777835831295,-0.6294566398991291
2019-03-03,1.6411014744364412,1.6407952985857148,1.430652416557347,1.1981438575001069,-1.7646394246524162,1.63169887460682,1.6487485892538436,1.4845599460624366,0.6902063556705211,-1.6724116052652427,1.578794543505581,1.6456045997111233,1.5445849730710455,0.5842283084182052,-1.614401251711239,1.5223770238335288,1.6163237359431974,1.4334618243199904,0.8777228743045087,-1.6879885624487663,0.23149452160601966,0.4834258812668157,0.03465927695007117,0.560807344572383,-0.5640380566475063
2019-03-10,1.2122616124223038,1.1809382629402478,1.3211728751474991,-0.508719098944941,0.4502700408844228,1.2481690634554812,1.2462803836148029,1.319204838669791,-0.27243995536578275,0.3494779952478512,1.1972367350473025,1.1906379388183368,1.2796260553864527,-0.5125702550467092,0.4157106933382923,1.2153092747869825,1.1498513337667267,1.3079599966107587,-0.810347926067803,-0.04566838358243316,0.9959668835263367,1.6313080854586823,0.5942421530846417,1.7393873571560083,1.90142083243623
2019-03-17,0.974830585302571,1.2547167876258158,0.7456961945262619,2.233180483942887,-1.8138706229842068,0.987612223004505,1.1754990353436992,0.6363602215820824,1.8971463086874454,-2.165316508226593,0.7932593306294058,1.0572679353104342,0.21167653010745116,2.7400361452705537,-2.6535407967163014,0.7299817168918673,1.1677519505040344,0.08721794277348635,2.8116798342843063,-2.7510779126001257,0.08582152408495873,-0.4488952777507739,0.9947551909390822,-0.6980779071969929,-0.21927527721412474
2019-03-24,-0.011288659586917698,0.03414740547254681,-0.03609672855227263,0.2243331855485046,0.9227210423009543,0.031109716423675358,0.04292822615860608,0.08491322262920684,-0.10387694838348793,0.6452002451345532,0.015012014279478932,-0.037910282194895756,0.06898425910942471,-0.2916648954446128,0.5200585324412468,0.04414238010716335,0.014239516834766826,0.035337448318836645,-0.04029416732912252,0.5076667599770689,-0.5593185110055054,-0.44933992551760016,-0.12086606807447901,-0.47643866364921306,0.024070386076405614
2019-03-31,0.49964462920715214,0.4727700169974297,0.4591434370292413,0.2134955713876224,0.8543298226146541,0.579402645209763,0.5451182076306232,0.678318546967948,-0.1968609135428028,0.5705956292024594,0.6065473348323597,0.5680053325484432,0.6606257078541142,-0.1755611103358084,0.5831652921225735,0.6185819678798324,0.6566658348866966,0.6287805100515762,0.2306385497028658,0.5486686615226353,0.1421412904139269,-0.22740946250801602,0.39532923323890984,-0.32543015831066413,-0.26393948482217167
2019-04-07,0.8740062899275671,0.8344280149542099,0.9517264611253643,-0.14023129104864587,0.21653618383355852,0.8511371745096056,0.8807729305885326,0.9692372690685715,-0.11962976461733778,0.3062424463546444,0.8900265698441626,0.8361033406998285,0.9639168410228849,-0.39144971489849323,0.046125253405970026,0.8998140728837254,0.8633845326504384,0.8707421809119283,0.15981523564020464,0.313280566041704,-1.4389593851539724,-1.0046561524825846,-1.3962927037817763,-0.8475218936172073,-0.43872731752601146
2019-04-14,1.1541073044842693,0.9563865765687776,1.3323334836048928,-0.7273712576355724,-0.12933640237649446,1.1102845375102284,0.8666580743226865,1.303310199755961,-0.996073335753524,0.16723774352462759,1.1246118012211468,1.0172167108067134,1.2758209620785044,-0.7317207317086774,0.008979884158351433,1.0975544556252674,0.9203142161928685,1.2066765180419254,-0.3169767241661834,0.07906817010279324,-1.063224697619819,-0.8498807743532328,-0.8125315776231666,-0.7906261577613026,-0.4256789905612505
2019-04-21,0.8567013837899982,0.6288934432632016,0.9457273711266918,-0.782575388073432,-0.0782368683503575,0.9353079409543567,0.7750577924266321,0.9648062338422488,-0.4848983613733014,0.4107042395716036,0.8879134221976166,0.7886210743812755,0.9718351785181076,-0.5192439349161274,0.3952847525725257,0.9849200428879009,0.857238066967273,0.9323602550253944,-0.07631036006450541,0.7037507368230643,-1.0777079735747346,-0.7311983504749818,-1.4311891491412363,-0.5485085993290411,-0.6213017497286812
2019-04-28,1.2092332834180755,1.221195326407975,1.2569661263821217,-0.3749810248514595,-0.8174511372494482,1.2571451278452002,1.279501519497275,1.2074290903134024,-0.3076206391908257,-0.5568557173476664,1.2434413966711952,1.2640336719662182,1.1283769849232477,-0.0499424454212272,-0.7095885765073757,1.224093087204443,1.0661689210217726,1.1970980429132851,-0.33208005419394815,-0.12642818403996275,-0.49087013958153064,-0.6182406011735041,-0.012140298958694905,-0.6865162199180186,-0.6743007833743949
2019-05-05,0.9332590337032676,0.796796124443644,1.085005220373339,-0.919075816764147,-0.5852683592902436,1.0630358351463944,0.9926659388848759,1.1286725374320832,-0.6693837761629207,-0.7478612283603603,1.0044722636388006,0.877403139693648,0.8605424802617423,-0.3599927940013251,-0.716452999551754,1.1105310448608066,1.0971993955825738,1.1213675442932731,-0.4750525026846908,-0.4309899706453881,-0.5888923089558714,-0.6904488703174149,-0.00047981265217029816,-0.7621979600013405,-0.6229016340451194
2019-05-12,-0.12958242354144617,-0.18833381355404888,-0.0014421156866036744,-0.3010623180467888,-0.6446537237172285,0.026963610699549043,-0.2005711911162789,0.06556812669723158,-0.42832604851807504,-0.3017216528797986,-0.2416752283386309,-0.20124403607157068,0.00455997014133745,-0.260873013300876,0.5518678473401496,-0.1817859518425588,-0.5002393721928079,-0.043295553147316757,-0.44595743435702534,0.4086710635781837,-0.2771433942893792,-0.2869661593458811,-0.3956715743525963,-0.23181176523678412,-0.3059005838193432
2019-05-19,0.10309963302037013,0.25865500221082816,-0.0036054293418996664,0.42614076466385636,-0.31011259935353486,0.0708504838937762,0.20291511658683606,-0.10871382426355469,0.5249696023117704,-0.9280112444750437,0.11567012676905233,0.5727512352941699,-0.07294255659129015,0.8252313069328775,0.10493585452417653,0.1563897462199316,0.36152618541961745,-0.08171253381596902,0.4817859451810564,-0.5819690713431422,-1.1565140650658046,-0.6638251005802311,-1.5151598433092854,-0.4013774053811007,-0.7259531372814712
2019-05-26,-1.4179129894637639,-0.9834203621733217,-1.7543044792772622,1.8566631674512801,-1.9677832348771753,-1.5607446884929908,-0.7693238505678253,-2.005248848163369,2.370189143086119,-1.993181552702268,-1.696822551187982,-1.333320345598656,-1.7878626987147037,1.3578892615802591,-1.492678117218443,-1.8216618598589134,-1.6981503542444216,-1.8659621047882033,0.9802897971357669,-1.3184234358031415,-0.053378739222338475,-0.20610030622154096,-0.18653625930830034,-0.19124585242840692,-0.05294042229947894
2019-06-02,-2.110772917738051,-2.1989164989174763,-1.769847193885762,-0.21589545373271904,0.1735038786140028,-2.0934925426580078,-2.2207403667761745,-1.8746624239173473,0.2951752658016465,0.12788657821968463,-2.097384055489241,-2.1679924840855995,-1.7414314650380949,-0.12024235581490655,0.4960425505487913,-2.027583554990177,-1.9786685392030796,-1.6324248937348724,0.13311868314721906,0.2586859345692589,0.575575131365704,0.5271090263320792,-0.3771338214088436,0.6817955480215495,-1.479097361712235
2019-06-09,-1.5745919924466,-1.8393968253933068,-1.4613521398554064,-0.5880092219197263,0.8948282235444988,-1.5411057101601453,-1.8921381055259616,-1.1831317031658233,-0.9937254858542625,0.4328759711144957,-1.4002507516823535,-1.6632500318177053,-1.1119875876205336,-0.8359224719710772,0.4404873531127295,-1.4516459359661031,-1.7715822765078295,-0.9866081023098744,-1.12471377808047,0.2664045670525222,-0.6111091387235139,-0.6887294331467725,-0.5745260788542259,-0.5048412682848855,-0.4768238453457923
2019-06-16,-1.2187881470882242,-1.319941551330286,-1.0973219533709058,-0.4196727033463456,0.052649038262046526,-1.2368945444015418,-1.3595343665474662,-1.1465105078639444,-0.20641068537797855,0.465574194744317,-1.2373435725030175,-1.342440952689942,-0.9870912049274799,-1.0826959750096095,0.03757943910496293,-1.2597125212601528,-1.4035995815196025,-1.1186841592282484,-0.8296581476783011,0.06682446459693743,1.4419098676381323,2.054679182140172,-0.29298337226830284,2.3177799957661187,1.642591165820799
2019-06-23,-1.4586521605292369,-1.382508412520087,-1.3863634564519853,0.40110505727034446,0.7744092784073358,-1.4217307128280037,-1.2416185416420045,-1.348696502770592,0.6687027014029017,1.0191125125360943,-1.3652299474959255,-1.214937539995205,-1.3390996380450646,0.5830790294303947,1.1004899110855728,-1.375233778460433,-1.251680741711455,-1.3320007088697425,0.4929304622083635,1.366185600171504,1.429860859372153,2.3396060866542565,-0.018612272526610227,2.423770947955467,2.3763044165122365
2019-06-30,-0.8121871416068136,-0.8924620450172683,-0.6262773198317814,-0.7766526979950633,-0.4440122828887983,-0.9243631467038271,-1.0862163526894968,-0.7154868025089579,-0.7054114491251051,-0.14763117134517822,-0.8352378777299336,-1.0247628248898357,-0.6932545040342359,-1.0339045621644802,-0.22593631120767255,-0.8442752918197891,-1.0219124088729121,-0.6130703475362825,-1.3009639865414728,0.18063332691267786,-0.9839729412541366,-0.5387768449910499,-1.8620387965013394,-0.15031435383930716,-0.5562344356254291
2019-07-07,-0.8133982117786408,-0.9981334084289372,-0.6966221351248413,-0.9252512518419457,0.19595872508298073,-0.8832442918723199,-1.026953166324769,-0.6537989528828598,-0.7728521433066315,0.5989816026196413,-0.7544265773902846,-0.9296492661938962,-0.5642426043787816,-1.1561022354962893,0.1623884537617262,-0.7544472492054928,-0.8355551145696214,-0.5647980328863239,-0.8591378611929456,0.5571452210275586,-0.9776860520284291,-0.7685906893436365,-0.5876627409406614,-0.6635343226184215,-0.2522051381927479
2019-07-14,-0.993543072757301,-0.7356589117098353,-1.0068004461047468,1.0155436309063623,-1.2628423283927117,-1.0617948952156526,-0.9797553925706596,-0.9782338865173975,0.09644392212497571,-0.6768233178655603,-0.9903159316641339,-1.030277504576496,-0.902109326391011,-0.5442703317246234,-0.3465764288237576,-1.0754688164581643,-1.1834161893878887,-1.0159906903157336,-0.619077862278427,-0.4006041439742979,-0.6685600257615257,-0.47053958737796275,-0.12159869104600081,-0.4586977198885632,-0.004494971899452226
2019-07-21,-0.8654196915543401,-0.6471890796678933,-0.9188678091360653,0.9647304044414506,0.913393251398499,-0.7828167457081483,-0.7986525542779015,-0.9442594293530924,0.441125717497715,1.513195531472726,-0.8240438991274298,-0.7930345466370227,-0.8313957034928027,-0.067147922304452,1.1256303701039374,-0.6929707612203552,-0.5362312037953029,-0.9178204545507173,1.1243381735170128,1.6681334547942652,-0.04290737157187106,-0.3670871150611053,0.10542902939009757,-0.3975535669397102,0.05164078902696134
2019-07-28,-0.5516158267443604,-0.5430761218129632,-1.122172787626409,1.5929074633021325,-1.7168600427599119,-0.5614782820496399,-0.5807447719677332,-1.1426747869116274,1.2821491820797482,-1.3405617926433342,-0.7831769220670868,-0.4376479872582058,-1.517506945701155,2.198214469986614,-2.0790643119045,-0.7330256804204185,-0.4914574829274969,-1.1626912464597023,1.6161143449690312,-1.5782758776581285,1.84556513854124,1.565399076670166,1.3284778666708048,1.4061042214194204,1.8344656929241325
2019-08-04,-2.2491897014072326,-2.207784161103354,-2.2281712720114615,0.21841286052785755,-0.4185599381520533,-2.3126344096870524,-2.2899285815617803,-2.2380287649139254,-0.1324973267270785,-0.3690776126147404,-2.345031767312315,-2.279056770387138,-2.143264687225139,-0.60274568916607,-0.06613525208692905,-2.2763724379081585,-2.381742506718285,-2.1287987030040076,-1.0081577025277018,-0.07301988624563284,1.7999078872535657,0.5723226454825314,2.917889666917166,-0.48302660139925047,-0.02994965682321631
2019-08-11,-2.197075137013638,-2.227334359282729,-2.084264764060385,-0.8309598628615804,-0.039135408164353284,-2.0930641724365375,-1.8694813339947942,-2.169222146061977,0.849045253411626,1.0951433083968158,-2.1504812192519003,-2.096347914739078,-2.0918771336346156,-0.5729081739421233,0.372388539643985,-2.0905446909455305,-1.7897360876333503,-2.128095474959549,0.5620956015391828,1.0149562261494147,3.120874800921868,3.2537747010028855,1.6294219327158743,3.2613576714551473,3.2139197135236723
2019-08-18,-0.8903402475424289,-1.0132195474402153,-0.7251625530659556,-0.9601497715180707,0.31970366473488754,-1.0219594228960969,-1.2086637653218264,-0.8169558434471792,-0.8378250506269197,0.27856563820878116,-1.0986290602900581,-0.9271552587604722,-1.584781064064922,1.3692383285994945,-0.12531319072113342,-1.0157107877694085,-1.1778076977694196,-0.9202726895105596,-0.6374576686248203,-0.45333153145764205,0.437948110957836,-0.0509746609157083,1.271660544373678,-0.16931283001114275,-0.21083881672484692
2019-08-25,-0.7374167721232902,-0.7248640493062417,-0.7931881524177185,0.18709742011035527,1.1652200250630882,-0.7632672133285792,-0.9114509935460527,-0.5563171579554211,-0.7332347450730236,0.6440523153141046,-0.6485055827492655,-0.6446694652291546,-0.4520332250585436,-0.33015743579777174,0.7986288638124096,-0.7230107596932236,-0.7778849817654946,-0.7116771628375506,-0.13173263080426334,0.20131774030088412,-0.2284313342471488,-0.3018087922649383,0.03555263195738597,-0.31771264835118906,-0.5162238144779074
2019-09-01,-0.3204704070927972,-0.3157571573555853,-0.2638745943721469,-0.17018245830718087,1.160521328164662,-0.2998400800064039,-0.14051699316260238,-0.4185929579836886,0.8010141829979186,1.07822953377747,-0.2393159342755828,-0.16455284750565957,-0.28828632847526975,0.3072513825832503,1.180301315050206,-0.2828806343288211,-0.27959817301404066,-0.39641471860798194,0.31682206199618546,0.9235234461120915,-0.24774436900673305,-0.39090867807937946,0.723543936484255,-0.4726423563115662,-0.3782707452021888
2019-09-08,1.3623492132562385,1.536459906308737,0.6281549500572415,2.3862212937701894,2.277065920237271,1.5621700137471326,1.593166351693995,1.3814450966817842,0.3663314440627471,1.0403304857163138,1.3481503611994248,1.555026331532905,0.7193098135074648,1.7166866557734612,1.9463305016384544,1.6249465184775647,1.6394825981755947,1.5229063257848832,0.3953878812182891,0.9026616958091886,0.22544911707642679,-0.14544032326725062,1.1198200704794026,-0.25877875524169386,-0.20285085387655488
2019-09-15,1.7116946035056997,1.497857222080439,1.9231430141512469,-0.8319603823380425,0.29422892103214204,1.732979994779828,1.693760420047646,1.838839436101432,-0.9849712085385455,-0.17037007759970874,1.752733374563719,1.569808331952843,1.9131348368090002,-0.8284842235177577,0.10610737571575816,1.7330208942820848,1.572620482132967,1.8947162064815815,-1.2283542074285219,-0.7052545055404348,0.3310559561281484,0.363146478256268,0.05651132131670407,0.3699429376895435,0.5085701226448184
2019-09-22,1.2818747272966855,1.1331552017670787,1.4713794707571477,-0.8663473781044316,-0.21380575885531314,1.2925660561741747,1.1944139650838517,1.3670713068659446,-1.1114164850900345,-0.5267654259685196,1.291222220715473,1.2114869884009452,1.4001083397932914,-0.5913308728022769,-0.5658431175538748,1.2335241257247151,1.2537469727048522,1.3129001437302983,-0.4450269691346103,-0.7343370057675287,-0.4082396855731959,-0.4052558648647927,-0.496907829921394,-0.3733104096170039,-0.4246322979221792
2019-09-29,0.6475864358654682,0.8467528094567354,0.6577386566215773,0.6103556611899545,-1.1310833093318706,0.5471912261271703,0.7726422056858604,0.49189546371294934,0.7984819625285886,-1.3235154711066586,0.5349413214441497,0.8701413436802552,0.5359385018519222,0.7963298486029035,-1.270437889891113,0.5112114717713706,0.7110098864947377,0.6022423424325368,0.29711476095461714,-1.1068328131470306,-0.5006336242497337,-0.3850269721715804,-0.7189721263351058,-0.3378736878783196,-0.44400635169318287
2019-10-06,0.49160813074324083,0.6000545656450803,0.6132744696588859,0.06667809621707249,0.8297381045311866,0.4634642911578929,0.7031781718583185,0.41785724416283243,0.9303080342587287,0.8208146432631249,0.6141986672626243,0.7596741611565793,0.6458224333503239,0.32767798918800983,0.7449733549392531,0.509773298593677,0.6232029654014133,0.4473390477533847,0.5978270054878125,0.5736658969641989,-0.6076899724162437,-0.45093869456941515,-1.109922828086969,-0.37499344330951734,-0.2218223777355676
2019-10-13,1.044334225189741,0.9629617248990677,1.0451188610365896,-0.10152927638047783,0.8292337606734631,1.0550743626428736,1.0217037947501613,0.9270755497382636,0.17228831642048517,0.9380043087521709,1.1365037053965703,1.0228476139473077,1.124516782680152,-0.24256214014095573,0.6867921069122817,1.1328393657712044,1.1007448580151662,1.0374300312510278,0.19222009232034104,0.9287839607712486,-0.5312320554768656,-0.39334975272096034,-1.0342745502816244,-0.3218850160227804,-0.3129108523959397
2019-10-20,1.402970392212302,1.2268712172810146,1.6515151017820988,-1.4223532890903097,-0.19004269488503567,1.369892410300812,1.2567069358985183,1.5057830610769554,-1.4386563094352638,-0.2743434489001307,1.4215706896223457,1.2233771481602589,1.5519010390585086,-1.1015245597701062,-0.137414613278845,1.380876163268309,1.2366408905256787,1.5302008095081499,-1.5189808742949285,0.06475141322792273,-0.8120239445453766,-0.5195759980700543,-1.1335044751113919,-0.44262650646139207,-0.5401687964056173
2019-10-27,1.4349879182657799,1.3746230266874373,1.5142641134965145,-0.7166503076422557,0.11693610592722148,1.3959946087235697,1.3620602156969193,1.4277707877456418,-0.9047712387917185,-0.046001082568616306,1.396989501365725,1.3126537057160685,1.4855605863457315,-0.8792148007546895,-0.10556673835364017,1.4498770694754242,1.424598934843572,1.4724271878999664,-0.7429923839261334,0.21533033626756523,-0.5380042809319932,-0.44862952470126155,-0.5268600756073744,-0.4193632529937183,-0.3823012834556903
2019-11-03,1.6344386774635151,1.6206919077047282,1.6394493815693185,-0.2814204428983434,0.049136749906979645,1.5998078182535609,1.7354646593616765,1.5851606689139264,0.07233572339951479,-0.2869150219659389,1.577949976393508,1.523438775847712,1.5983081037545612,-0.8502632267531882,-0.18916467013599128,1.5572328156883612,1.5114884301433171,1.5995088335096326,-1.4540205241002455,-0.27614941287810996,-0.2928447722236291,-0.3657921713989582,0.6756487663994548,-0.42321160181258694,-0.3306231672038675
2019-11-10,1.422861856434341,1.4143092528885708,1.4813226756437565,-0.6732434430182798,0.03424447866228694,1.3876323341169283,1.2979025512881324,1.4448950963764062,-1.1098695162492156,-0.15367479646662072,1.4354332900481594,1.4100737346666157,1.434800668530621,-0.963212493905668,-0.21570756795600726,1.4231360012020968,1.3865891755246387,1.4371569045094201,-1.0978746844249343,-0.30952938954854026,-0.8948657405271172,-0.713348909885998,-0.8510427958815738,-0.5458501505548831,-0.7443721679781032
2019-11-17,1.2481472409700385,1.1671355383431938,1.303166071546528,-1.0653436183348308,-0.5238829127030125,1.1975882423470376,1.1163975534492063,1.253902537570448,-1.1998000975247807,-0.28426538140326607,1.231058317539899,1.2476295778380642,1.242324790275163,-0.646079269459515,-0.3780831320998677,1.190931013832429,1.2027358854732517,1.1855538281407343,-0.7801186692647082,-0.4878359023787692,-0.7746890810370826,-0.2204628292888124,-1.227423348700486,0.09115406492388682,0.03317386673879045
2019-11-24,1.2320301742860462,1.2386256866962133,1.2203746026627786,-0.6446511409024236,-0.22471625021554,1.2434634896570276,1.1603414163438812,1.29035870269466,-1.3843234499200079,-0.4401294374456559,1.2343328309455983,1.235395976204778,1.1681116708834265,-0.6224494141426052,-0.061187899136076224,1.239853524304379,1.2609029109720589,1.2032291413192089,-0.7336725536847872,-0.7895303594330415,-1.1847669286115154,-0.4492902409639399,-1.4647608422152487,-0.05027062757638554,-1.0542441235184736
2019-12-01,1.0908294071255216,1.2821914097677813,0.915074060957506,0.27383420092734917,0.03202095753565978,1.062664625584854,1.2709152863640174,0.7930269373547555,0.8832914531002773,0.24158827320157766,1.0380589911770046,1.289346503836342,0.8584396484628773,0.3970448559648126,0.10720055243423687,1.0310156340995027,1.1722999583225746,0.8966551064349929,0.26878021545070324,0.3492200689171703,-0.5555559059400281,-0.6119099162958391,0.34043110892583484,-0.7615050337416832,-0.13165276268290813
2019-12-08,1.093530335410203,1.1705147834856708,1.1120285233563068,-0.3998154555841793,0.5182317508297756,1.142416570131068,1.338996922894856,1.0648601602693668,0.3306557102606536,0.4033358606283606,1.1049108966169134,1.0805911332332299,1.1697384036697862,-1.0639159823259374,-0.020156238493004703,1.1316026439718698,1.3680485951392423,1.0471369884217123,0.6131807148348943,0.9203656916337836,0.16812066761485725,0.20773502660799678,-0.4787185189617856,0.3179951236561302,-1.1548630327321758
2019-12-15,1.2645049024072,1.2955341888782215,1.2907932344681836,-0.7785076960865309,-0.5049980736125461,1.2514343552240705,1.1544292605382462,1.289287313569647,-1.139068923364018,-0.15084105356833116,1.2578508077948323,1.2900910072827658,1.2299752751844157,-0.7154499825165291,-0.4995308179815948,1.22818480621392,1.3185117861813453,1.2132075786965097,-0.35961272412377987,-0.042228805747659255,2.0008048149304813,3.1360375011688255,-0.2889352103353512,3.05000317317855,2.6802179627200196
2019-12-22,0.9797566041821038,1.0038934171492582,0.9371626952230567,-0.3921738243400779,-1.179745881808732,0.888733816188489,0.8792730657615742,0.8428939636341211,-0.4483219332480533,-1.1434833398208135,0.9607339724826617,0.9375210758437832,0.941088900124753,-0.7792614059824304,-0.7490238535141521,0.9070181466317928,0.8735548553271819,0.9403926288121115,-0.9325815634734577,-0.8736458582784121,-1.3188121091960519,-0.5739068675701052,-1.2230462556307773,-0.2344544411581795,-0.4301775401181409
2019-12-29,0.6750489486783647,0.6370477284719367,0.5971803076049143,-0.16562952386304075,-1.6377024980475596,0.6848811341898191,0.5738223097448388,0.7602980855821925,-0.9661036731891106,-0.9528277014134564,0.6910749003394332,0.7413134131514831,0.6139674571363183,0.017665850245177313,-1.761690320874934,0.7175586560062284,0.6463614949257499,0.7789047097041275,-0.9950632662383382,-0.7354673709830093,-0.144680691211518,-0.5480810628722936,0.9558543456578198,-0.7726070809667773,0.09442727246697963
