Date,BKEPStock_Open_average,BKEPStock_Open_max,BKEPStock_Open_min,BKEPStock_Open_volatility,BKEPStock_Open_change,BKEPStock_High_average,BKEPStock_High_max,BKEPStock_High_min,BKEPStock_High_volatility,BKEPStock_High_change,BKEPStock_Low_average,BKEPStock_Low_max,BKEPStock_Low_min,BKEPStock_Low_volatility,BKEPStock_Low_change,BKEPStock_Close_average,BKEPStock_Close_max,BKEPStock_Close_min,BKEPStock_Close_volatility,BKEPStock_Close_change,BKEPStock_Volume_average,BKEPStock_Volume_max,BKEPStock_Volume_min,BKEPStock_Volume_volatility,BKEPStock_Volume_change
2016-03-27,0.13735546383635575,0.19661043683795815,0.3455915968067105,-0.3229304343804016,-0.6862563015769252,-0.30768170997101835,-0.4758308081460977,0.1394090461473046,-0.6893935639614954,-0.5574726048876785,0.14508402123970973,-0.04930554786246225,0.47512374625714804,-0.7820166510141543,-0.3586215119588914,-0.18093975567963386,-0.46410768463244956,0.11119996277099467,-1.0143722783013056,-0.59355281940484,-0.9497613023090796,-0.6557777374730417,-0.6157257225122424,-0.6053913408258484,-0.4339000170387449
2016-04-03,0.14711465101968596,-0.297804940868063,0.5863941825356593,-1.1956646825473314,0.7812837306283406,0.013008421892275822,-0.3166966399080502,0.5353209221948361,-0.7941350694244405,-0.2748892632482258,0.2112859915716019,-0.19218154612791333,0.4691679411123853,-0.791883540163845,0.4138368652953281,0.10118491808324657,-0.2572268085872515,0.1604078770066271,-0.6459459538099088,-0.6603650983343912,-0.928264539361441,-0.6363717826945137,-0.9725659177981955,-0.4846826483841923,-0.40806101280794366
2016-04-10,0.243544449112596,-0.22477567067185367,0.42368115200404355,-1.0403117681929717,0.7566017362873417,0.01492590689767018,-0.668128730942476,0.3665665393447634,-0.9781107174432252,-0.033001070462083504,0.24389169154248025,-0.08951734799833379,0.3153135792337144,-0.5048267927580764,-0.07715247077120556,0.1430079954869214,0.09276666690524848,0.28385967566683273,-0.4104713625450384,-0.2940690329286655,-0.5839292082369081,-0.6866163738200864,0.2582855805794643,-0.7362956284975504,-0.1176714417160318
2016-04-17,0.6636329174156217,1.3478817674245418,0.44705926156739884,1.0753922686482948,1.8382108200157021,0.9271159779490729,1.938643175275941,0.2735353832566375,1.5821763555735366,1.8583012310743654,1.1132836798398933,1.5581646138927951,0.853144069000645,0.6284153209105022,1.9445608558186662,1.0951884419687608,1.9156807562295288,0.3949102397010213,2.55729497057276,2.4273906238311604,0.6062527124079599,0.5855366924452501,-0.9459824359479111,0.736070285114727,0.14621744400799852
2016-04-24,2.065144172380896,1.8858021699232836,1.906972072275957,-0.7786951836887179,0.1643686170176888,2.1014237619096123,1.9415653816542908,2.04959960281905,-1.0995330683809381,-0.3406774618549352,1.9262125287161598,1.7447098300963446,1.7978269302774803,-0.7477725075526028,-0.1191658891787783,1.8736775202952,1.7619619416972303,1.7976738746149206,-0.24210917538762802,0.5513662929354084,0.5459729430920817,-0.257426916228436,1.3854806126773862,-0.7539448964675363,-0.11558613249500543
2016-05-01,0.988602031884699,1.53018247451574,0.9255034833066433,0.8460759603108479,-1.7520381958299152,0.7593083363453279,1.3955682114218488,0.7148085065163265,0.640290366371446,-1.726258487549041,0.6450070925788044,0.5629423272608508,0.7147083964502436,-0.4946043888986519,-0.670470390667007,0.5533808542388655,0.5655464702700884,0.3664972985810525,0.3927466107264107,-0.8855143337405341,-1.3887720923623588,-1.2179508641463834,-0.10354779225601654,-1.1220609967414068,-0.19052865445476502
2016-05-08,0.9850003472907994,0.9922298110794249,0.8440622295333275,0.2505716159675309,1.0175215197799066,0.9668330423914532,0.8321879029213273,0.5218780037539144,0.3587655238792321,0.9109265799407528,1.1498567344088833,1.1858981891588194,0.9070216478499024,0.04174745923443675,0.4879532238465125,1.0997313199512566,1.0965688479032427,0.7603869842591413,0.6536629831952375,0.7362639952406858,0.6574558190456432,0.13006122111245874,1.280661684617988,-0.3577084832447897,-0.5009996988199411
2016-05-15,1.0811645227783855,0.7313914833528011,0.8021655424927416,-0.1252858079837658,-1.0889712037123225,0.9734795036982842,0.7664011073348105,0.7526183087862892,0.09648054293690757,-0.8487926053937053,1.2860436930449097,1.4484919392695619,0.956759028443734,0.12517208263077917,-1.3363003397893605,1.1740239241855537,0.9794346252160179,1.1611275883983916,0.08599023450473962,-0.9130864795257728,-0.11494906503660848,0.5444092967450843,-0.532404099932616,0.7465905926850963,-1.513160082068845
2016-05-22,0.9624572069538324,0.4876956392886609,1.1786337456810985,-0.9977389382893579,0.08249316022568615,0.8141507338044736,0.16802714242406894,1.0493258691275789,-1.0842332242708228,-0.3778325233413863,0.9582983955092684,0.6114413928767637,0.9737869639361478,-0.7373787844126856,-0.32164987991019345,1.0739840508452514,0.6352031670075203,1.2296484319221743,-0.6457591166255833,-0.9724640386339378,3.110424026251122,3.2718748460031413,-0.615148465435272,3.2665033717508845,3.275234681303794
2016-05-29,-0.2875536409337425,-0.5358970447431924,0.16539367891123619,-0.8958416510412829,-0.48931187664198933,-0.46438950661361394,-0.558763988254556,-0.07072687002208512,-0.569346282412449,-0.5614013229489604,-0.17678050745234775,-0.42086284891753617,-0.03848829672654706,-0.3744355164550144,-0.26406462469434744,-0.31596055828734765,-0.7175489634377978,0.2919117185932965,-1.3802056377916276,-0.24688555822674413,0.11680514559704841,-0.10964724159342201,0.728553636148865,-0.1582642524671923,-0.6057029637445154
2016-06-05,-0.31492330000430235,-0.6551937631905412,0.05400804779872652,-1.0873824557224425,0.04238833099215395,-0.38199834678675687,-0.5383769773163358,-0.1681746391340161,-0.4646268770607088,-0.3562191639330649,-0.01501516710777692,-0.5099103916468612,0.4432335730713968,-1.8091006800346126,0.1639294162604889,-0.22590038045795113,-0.15776454208482105,0.0560478479207219,-0.2876019856945273,0.13152740919844108,-0.15618876185088648,-0.14567881116150555,-0.5125571258412401,-0.11387347686755922,-0.45657853524365627
2016-06-12,-0.49453040474817,-0.8438974457307453,-0.23875440708508255,-0.9950169195262043,0.2137692203202391,-0.5848193508413267,-1.003331756603129,-0.1952491581695573,-1.0147965356258493,-0.014832192291351014,-0.13561554313893018,-0.362602945171104,0.14813654606900467,-0.93972792434043,0.42396465374178216,-0.1277478504579223,-0.4931657466946899,0.3155306032862118,-1.0309480437118435,-0.2590853921533302,-0.8466917039730132,-0.5152864597012203,-0.5217315039809274,-0.47954191704544397,-0.30884623103019887
2016-06-19,-0.14551404798746917,-0.5396162433789602,0.08796214997871234,-0.9365221391638409,-0.36025554171912305,-0.3992850027636702,-0.7681444307707503,0.09798477618835019,-1.0558653632172188,0.062295207623670745,0.11197947760694145,-0.3669647010377435,0.4602274827933822,-1.388444911703532,0.04615179240077082,0.055666848132060485,-0.308672086060705,0.5322185408187695,-1.010926806692229,-0.12465780499160009,-0.8197216714350954,-0.5289304580304486,-0.593435335603893,-0.48905359827980704,-0.32417049696822464
2016-06-26,0.087568180269789,0.09646272084707413,0.2558219630420531,-0.16544229456945556,0.6278210991159373,-0.14380232402046672,-0.10228428509895134,-0.21811573251675911,0.10285147395253733,0.8468849549643246,0.0812529558019845,0.13813111290684074,0.30928655645686265,-0.25369733170536485,0.8347773793628468,0.08217805631331954,-0.011760697408080167,0.08506859451790555,-0.10273115303006457,0.5625527509388887,-0.7728380846609411,-0.41057135086235985,-1.0976716343538349,-0.3390178294944232,-0.26309143226870746
2016-07-03,0.7539171495643349,0.8927754311582001,0.6056934025076696,0.5955922604500533,0.25037583978932004,1.139676816670345,0.8769024298044193,0.5581464521537078,0.47244758372948265,0.9630399412560582,1.151139631319761,1.3333063835921604,0.7906125077210246,0.9652591332860827,0.9543254916064835,1.3412790895436617,1.0274611412198829,0.8889281293238314,0.3516199580594322,0.950520165379506,-0.05216623393363373,-0.09954489168020368,0.5235912563770243,-0.1306670242036039,-0.31391541227019454
2016-07-10,2.632413544228319,2.487277281462986,2.1791038211247544,1.5760869792525316,1.5638436154893138,2.6753243241499276,2.514221594227573,2.377831659145538,0.7684261477944737,1.079597458249965,2.756291854704478,2.6244914695314976,2.4587671970228673,1.5904444338786048,1.7487891048642006,2.7405323855861248,2.6110170354589335,2.6282238759125116,0.8116550128575627,1.1307431303827276,0.02236444168950199,-0.2005296497970359,1.1057774261537543,-0.2703100027619101,-0.4286150024308329
2016-07-17,2.482349632142032,2.590583343654928,2.5790208624278246,2.254374240831995,1.538502905535065,2.4471494737341533,2.5573971431483384,2.5527557613705083,1.6076972829938867,1.5563317397843455,2.4762549598118753,2.4526302720012034,2.609265783328612,1.5599865086731113,0.3173754920777453,2.43857015321191,2.552021993854924,2.6863512215522967,1.2585697097689574,0.137634715122951,3.153245805320719,3.008162088818287,-0.8334901222615819,3.007283879093883,1.9235509139086058
2016-07-24,2.073676291789504,1.9563815030073162,2.3243781397219414,1.0597781348771034,-1.6220290606191117,1.9231879929497515,1.9437391202720882,2.0177811534579106,1.2954817080293337,-1.580361263628978,1.9318797827157468,1.7728255210382395,2.1121710434314025,0.4025771635285444,-1.5108743358536667,1.8809063466509144,1.6490194151899158,1.9848441446942162,-0.2927423537824433,-1.2549790309032718,0.37178149486467477,-0.19107173579336528,3.085160293343638,-0.38482490476332637,-0.20194927389041456
2016-07-31,1.0921257315295285,0.9589053603022162,1.3373831257081323,0.10186419554067395,-0.8561132337813281,1.0726995279600038,0.9188664551956626,1.3054244290878294,-0.41909352163399305,-0.7562743353329319,1.0385858732160078,0.99549761828978,1.1966540419277616,0.1566108364724474,-1.2506380575836347,1.0534926399848779,0.9038171724005336,1.224111937706097,-0.6732867584511818,-0.9565388955055438,0.5404278733153142,0.17693782730861168,1.8530539637596597,0.03254581095885098,0.4811843663194775
2016-08-07,0.7944640952294054,0.5251150273244904,1.1789614597261073,-0.8801964904117698,0.2804537465077246,0.9027867431992098,0.8700856470364333,1.0506908749541124,0.12806433269722492,0.8198324916985124,0.9066309506259563,0.7191404163524747,1.1125581048335031,-0.6176555801681292,0.22040771377235044,0.7824862028872857,0.6799982443189875,0.9646378484517281,-0.7156691527391246,0.5214899400864917,0.253593572945481,0.061320256852602936,0.9837480825621414,-0.01893723925562038,-0.2970023549521297
2016-08-14,0.8292622611345825,0.5874372754766397,1.0515076684194766,-0.5149477378135885,-0.3535445758424967,0.8019931551439886,0.5741100103353334,1.003541396077037,-0.8950662262447528,-0.14283500373031055,0.8002043454600825,0.6920892475984811,1.0423337930219405,-0.5850179393017044,-0.7317231649301041,0.7436847448804471,0.6312176888190638,0.8105929092474182,-0.3703367486945128,-0.5288843948546817,0.13802518101633937,-0.033422784569686115,0.46437784501527657,-0.07053509770107395,-1.1781869176015796
2016-08-21,0.5166941412047805,0.3119154092446342,0.7163239962236227,-0.6219722456644088,0.07574211140138278,0.5413808470318546,0.44965510969654493,0.747787866888857,-0.647949136220883,-0.6633633523599025,0.5508077137551254,0.4585140201461997,0.7237817543289752,-0.5192632147569489,-0.6647776436716494,0.5361506180588645,0.3685456766262296,0.6565009190914132,-0.8923681836817231,-0.6167869712353596,0.07631620183553903,0.38816906297058457,-0.19666802563877742,0.40115174961556244,-0.07675594252422667
2016-08-28,0.34493338999808104,0.3099146948271614,0.5077225785172164,-0.1981813763088175,0.5266505601534452,0.36579434178826314,0.2404946031378919,0.5442637375715035,-0.7500266887077712,0.1816710194989688,0.43271277995761254,0.27161883412449256,0.6314615063478112,-0.7947303562179981,0.13213793300545962,0.48481918651001527,0.44889214746825096,0.5006033289829666,-0.04226138141835493,0.40158763369534506,-0.5069559729999586,-0.45872625696210123,-0.5936615859546838,-0.4052773467994661,0.1967952098287285
2016-09-04,0.6419102771326733,0.3411857708065122,0.9569166237275518,-0.991358386797218,-0.2740874964761927,0.5531779801761985,0.3372495939480392,0.7097452560846679,-0.8315175263662427,0.006187893909148812,0.6709211368323691,0.5418489112703169,0.8728773770077788,-0.6640284393361545,-0.29805620416764506,0.6528109844983855,0.49677936914135146,0.8162390713554472,-0.9213160402161527,-0.5229871215310868,-0.19300598259346832,-0.3987161522636878,0.8046325649657823,-0.4619406549678154,-0.23332757456393144
2016-09-11,0.052177429326256776,-0.09761422017385017,0.21454836394087107,-0.5682901870125889,-0.5191434466781017,0.2169296535083598,0.07597355776291109,0.39048203891044986,-0.7501403394750271,-0.6518706422004004,0.19525080324888425,0.013026851317177285,0.4467958694672644,-0.9946439980726252,-0.07366840875769196,0.17619020384648293,0.1273196350970584,0.14620758082566512,-0.035544075649087195,0.3684180996666984,-0.4304289566033451,-0.4283963967666242,-0.7881039432275234,-0.355645000474036,-0.6450324931474709
2016-09-18,0.25414093683115435,0.1265110635950603,0.3711841509627169,-0.31581610797546544,0.2512217205893415,0.445500861003802,0.37711437765982075,0.4169225222290013,-0.005861180737539945,0.181209794124633,0.4586313578570481,0.4066093436089441,0.6271255532304747,-0.42742785683735995,0.613689311438061,0.6180175175557667,0.6069838875557708,0.5609753714427669,0.14370590208279552,0.2030774782407769,-0.6216719963458983,-0.5300812840019705,-0.30497377826481104,-0.4960777193240869,-0.12877042848587622
2016-09-25,0.8558780416442512,0.3916233298461185,1.2394024159149128,-0.8886201920921705,-0.34318773213708614,0.6336194034800533,0.1652998833739132,0.9872770497964146,-1.2447980995636354,-0.1961655657968504,0.9775746067590376,0.7578696030313161,0.9782102483191016,-0.3491664182615068,-0.5727649246008581,1.0042760712086296,0.5583870596145419,1.1953380262944542,-1.3609962800222317,-0.29957419851822403,-0.7027802810127336,-0.5018765981381477,-1.0630993785383063,-0.4058346795723561,0.07451875767367247
2016-10-02,0.23482943133359485,0.34196738182404585,0.4612217970335753,0.05993371002109243,-0.6005973213022919,0.12911255455130685,0.22156623796464534,0.37977303772173626,0.005524032911365075,-0.42167770339889693,0.17399321680664961,-0.010032806570700143,0.19435776386441525,-0.18734455387344723,0.012122952165758767,0.0746543989560187,0.29728183918747214,0.17273032041491568,0.2378155776481768,-1.1255723664289192,-0.7234552573588988,-0.6202004480541806,-0.3243150953457492,-0.5828753034813151,-0.22981505923667522
2016-10-09,0.6128903144962531,-0.03463180531604157,1.1223594348264594,-0.7482052285705828,0.3282047450531929,0.4815912481843694,0.032968043825709746,1.238219483336394,-0.7949782418778202,-0.22578877546307655,0.953446276223927,0.349211526579454,1.8064472816140977,-1.1651400556046418,0.288499956998372,0.6878597029196633,0.1067807646670711,0.9774090723991948,-1.1663585698208438,0.27415612919717947,-0.7175731966156234,-0.5813635329619976,-0.7265764776079894,-0.5126203185028153,-0.34460565125041526
2016-10-16,0.13795577702924336,0.20974368487604816,0.30613083972250527,0.012942069907292544,-0.30472088802543085,0.1689997300290691,0.11566644992725651,0.027223088517126896,0.13702437751468066,0.15289948251835303,0.12685708919573593,0.1605855820643715,0.19986892895981098,4.9377123500689085e-15,-0.29925861670458553,0.19383854044070664,0.5837589652020505,0.1631659372228879,0.7413252167052444,-0.06595477712224641,1.0254052716869904,0.3563465792296611,-0.740234490994676,0.5824959348533739,0.9841980933745857
2016-10-23,0.045227231027659,0.25849445080600336,0.0,0.3445829261744696,0.42053858793968635,-0.06572627414385232,0.020352259322653055,-0.0821684145620926,0.1205869991793898,-1.2000322372574446,0.23111676940850034,-0.08708392097539709,0.8133986910690449,-1.4023446093704919,-0.05235703144047108,-0.26405190458862915,-0.15251225457544282,-0.1445541844332722,0.02524408867775451,-0.03831689500882909,0.37365354182363425,-0.23667700609265277,1.2270313185362127,-0.5400288618767808,-0.15919842765485612
2016-10-30,0.048498506037018024,1.2030389168041509,-0.4860251767562493,2.14505534593996,2.037859284108584,0.8172482334213709,2.4737800219395463,-0.7064882739329117,2.819406394502278,1.6995146106316983,0.275438616446729,0.4584665303087622,0.1627011665426691,0.6086879812962139,0.8556257889499225,0.6344539802528278,1.2656062048190961,-0.1520143513837445,1.8906263737466404,1.2758086239892792,1.7377965670701019,2.0997986741641084,0.1962515091008442,2.132251172767164,-0.26352297923765555
2016-11-06,1.943934900991584,2.228744190173024,1.2339114560907098,1.7089889160769833,1.4221934430610903,2.46177335030255,2.2803573728445885,1.5529270010399492,1.662177883713967,2.1440066107091083,2.120854530100666,2.699956519371979,1.1376793842163553,2.9975197634549557,2.84811022321388,2.380832829951799,2.6962913221386384,0.6781393730377846,2.7472102801271543,2.782037685336618,1.0726740238643275,0.3234471363578766,1.7983636077510639,0.02768060743368551,0.33640703255612897
2016-11-13,2.461783403626042,2.12454052001317,2.5736113228020105,-0.9913970262278351,-0.7281140384532426,2.428847783055107,1.9484512537565732,2.719151899715986,-0.25252936800621717,-1.1268966968390808,2.510269075981756,2.0817652681363876,2.821637822738379,-0.6139208315343798,-0.6202570240213385,2.3159613715891365,1.8344236350970475,2.5974568777657616,-0.661898223011457,-0.3758071179530685,-0.4107152498090762,-0.2007133080145528,-0.9953504835865268,-0.028722497400458676,-2.095060830732499
2016-11-20,2.439522694812704,2.5819941663152015,2.205333235897642,1.3993305844016528,1.225850590663613,2.5266011770808987,2.3925650939266703,2.510494017187367,0.576895910982634,-0.5391686048153258,2.1433499613336155,2.2466026013223273,1.9264810771237655,1.6215270277343425,1.0508410093458846,2.383960625735109,2.364541263309092,2.340291464403793,0.3844258722192444,-0.6883538611792257,0.6945361408687357,0.7594108155057018,-0.5028442185824358,0.8804315744319604,-2.440012506265792
2016-11-27,1.8995602903148556,1.8414353538609143,2.0017276317645383,-0.06095514542075513,-1.2208258077131522,2.0429542064828143,1.9305717027447509,2.1386662954557747,-0.005936329999346482,0.09877607406452232,1.8977186875930279,1.7829622852168199,2.111480123176142,0.03985560051591328,-0.22472347934441436,1.8029175478562867,1.8349674926166393,1.8273540148072833,0.3528547030706693,-0.4888298003803472,-0.32280392475540926,-0.3957707645980611,0.6143799974243657,-0.5259490562682323,-0.10856533950234172
2016-12-04,1.631427922416756,1.504163245745514,1.604853894572475,-0.17477863254553042,-0.5480028351581094,1.5193128082069007,1.207803417757859,1.6884362823628765,-1.1116139232136146,-0.13067441564534557,1.7733046443270062,1.581817329068055,1.822384955749806,-0.07356255172369415,0.05551591952249217,1.5861565925225034,1.3754249074605351,1.6173616566671298,-0.45864622562645874,0.5224450249545971,-0.16146705896672556,-0.3824664979571007,0.4686848799202136,-0.4803124655453273,-0.12889374871986134
2016-12-11,1.7105188914009086,1.8463084323062715,1.703626390981862,0.7816834324804613,1.4064486913602465,1.8169131762382777,1.754058199881069,1.706024616450254,0.035439834996187504,1.0483471872568002,1.8474548669861925,1.8286333035948887,1.7883906319791416,0.6775393272883484,1.0129690913391098,1.8855512212783059,1.9661882916989182,1.729523743981381,0.9753048303966908,0.7789879730255745,-0.3243757784488372,-0.26910448475196747,-0.329722758786394,-0.21175579095249059,-0.17907003516557302
2016-12-18,1.6196671466481418,1.6182171523722781,1.631158412358236,0.22172400403596892,-1.1486742467541369,1.4534503019620644,1.4473743203926712,1.536247934432767,-0.376209241793651,-1.080590934478339,1.6288057519008825,1.458135208462606,1.6659724562637495,-0.2840584129674545,-0.004897040641288401,1.4931468761727151,1.2807056471571479,1.6408955251264328,-0.8011927448021564,-0.09239230554734183,-1.3026016942624357,-0.9156171276713446,-0.8170774954846446,-0.7830780883249091,0.1340870916731707
2016-12-25,1.243541869840326,1.0361299451674753,1.453538652440968,-1.7500361200041874,-0.2594737569421027,1.146067144291274,1.004593280436541,1.286399239805546,-1.154985755263522,0.17577819068521514,1.4855150358659348,1.2282481311862803,1.6368084847533941,-1.2320791238122826,-0.3934952873804249,1.238761801530275,1.0909275350804037,1.4624188477102151,-1.1653712651667703,-0.11136621173506488,-0.9460577137857744,-0.7194243655404439,-0.6081075122086349,-0.626255971264097,0.61728707510915
2017-01-01,1.1950079602414565,1.2124989788994587,1.2322184686174515,-0.19418390934515278,-0.5988678817312377,1.3292415346984567,1.3164513950548142,1.1993727334766076,0.00592458024817055,0.96956431093757,1.2712386642141411,1.054817161417064,1.4179108590417375,-1.196884150120017,-0.39955629492721584,1.3505455935639283,1.4644445652785636,1.3382444396525424,0.2736704256999669,0.6739519770948955,1.3646729727254459,1.4045123770013148,1.7169659359645808,1.1350420795127913,-0.10782026858141035
2017-01-08,1.4524128337781363,1.3565195202198768,1.434529699196031,-0.7700242280594284,-0.6375695733065314,1.3859096172478973,1.3552125405040747,1.4047925528101086,-0.7847008262061668,0.004785218512301006,1.397424973620354,1.4128626177287844,1.199359194692723,0.5316726460039012,-0.6445953126657207,1.425394964990473,1.3547294617064596,1.5042186387142624,-0.8581943515359319,-0.3107629532203176,-0.8992564835565794,-0.7787707960151906,-0.884820132526525,-0.6378782465506231,0.8340352900214594
2017-01-15,1.5741140125851083,1.619671789884585,1.5794136880487881,-0.435104376579047,-0.22931678692015497,1.5948772693490563,1.7592745249343555,1.4797825709230175,0.19755757133287946,0.5497918483696431,1.5980472076772654,1.6311223214491126,1.6097546238176779,-0.1672677987427967,-0.13347721032478418,1.5350402730187476,1.4753119223450986,1.4598236481278881,-0.45369917076214555,0.2618818937674416,-1.1188154854178072,-0.9693958468005154,-0.5066351145139072,-0.9352583227648595,0.37634048978338663
2017-01-22,1.5595043094880423,1.6574871819371026,1.4625293304547164,0.2576584743351932,1.0528940017477313,1.5494962156847656,1.7088866132269327,1.4777596611599957,-0.13870782888161998,0.4388307254429993,1.59953375801995,1.7313959912422725,1.5583874449479607,0.13693550222905201,0.7771736544669055,1.6199414083980888,1.6472912166421911,1.540805480689611,-0.453699170762139,0.1892893784669365,-0.2294401996139502,-0.3527662071224103,-0.45760429312872236,-0.294695211305896,-0.196363901150142
2017-01-29,1.2494797002053453,1.4818340031364767,0.8090398349558902,2.2255467872393653,-2.2691354788588045,1.3311128872350015,1.4960565341378271,1.0525222431964372,1.487821805326525,-1.7216442065570712,1.0850271577663166,1.4661141555591524,0.8802634264599489,1.3900835076788922,-1.4120939340232739,1.0454312474100953,1.4954840224008823,0.7695320103306355,1.5182370017300872,-1.7283042083133524,0.30231452793632935,-0.22978914686513996,0.4147958325957949,-0.396358964748633,0.9371892785331947
2017-02-05,0.467589136169871,0.4458446057847379,0.4274374730762589,0.18316348475045613,0.3013138304813032,0.6083786782622106,0.6913985216327004,0.24016866743385082,1.6453174838405438,-0.005538332028214282,0.24834813086825025,0.5434671283891811,-0.0774654710062148,1.5748408880670821,0.06982656834262899,0.46210141811542654,0.6615685915503089,0.243243489337114,1.1810181504215216,-0.4818740292116467,0.44184459619265143,0.7075659589089724,-0.030543695576418103,0.809016814754338,0.6551250525773646
2017-02-12,0.4489575778726048,0.1578477080466231,0.6510467359823582,-1.1396839051139533,-0.17637882759880882,0.4080003114645644,0.4237787667534941,0.47103128791504284,0.040484392226957086,-0.9272774665698426,0.4508542994449739,0.2688078158234463,0.5863037857473814,-0.7118833427178946,-0.4621165022748777,0.4806869897796075,0.2239899206803482,0.6293425244596866,-0.8937434651838542,-0.0811434642184543,-0.5302598485703551,-0.5016182401340527,-0.01706871603775952,-0.5653374013070631,-0.08650690302622398
2017-02-19,0.6180905752521625,0.7491975504704288,0.5379203566362744,0.679908397865876,-0.30819929816250674,0.7036793243331315,0.6570579146329001,0.35442123788950564,1.043736472557155,-1.6865783921103612,0.680858118222885,0.6061383463042282,0.3225073817745296,0.7064000276054657,-2.1394434117091734,0.47244852061659526,0.8180196126205137,-0.04741046559307589,1.645995387972463,-2.2768084026202478,-0.6577777118267361,-0.6168666516454488,-0.3797601942094455,-0.6413191220739991,0.13976794936402095
2017-02-26,-0.3950665992738214,-0.31156097124181636,-0.45869629296181214,0.18940413026493919,0.8417684326092717,-0.3509394914392472,-0.1715933662241202,-0.9000218228906561,1.3209114738171275,1.3400959081580308,-0.22821892804660426,-0.009755912706160875,-0.46677823953200503,0.7692076804169471,1.5558240833953232,-0.16829121368645344,0.12995680669266071,-0.4186549464853922,0.8383994085200427,1.1904102358466588,-0.5100696925197349,0.15833361034834406,-0.9432607559073541,0.43183081907364845,-0.9046793284462799
2017-03-05,0.14442646149884267,0.17573276142797195,0.11138647983852784,0.15465944314581145,0.06601497887624802,-0.018598380842472576,-0.15513688910728202,0.19849910733059956,-0.7005857248687296,-0.938811959611989,-0.04853685575995155,0.290201577536441,-0.6429971605439169,1.31786224306278,-1.1318021492354358,-0.1024490994641099,-0.04043774913981957,-0.36892648372333936,0.4086015556308079,-1.5825996497096664,0.1318903307505095,0.4118615841242316,-0.22186200127519076,0.5464755971273879,-1.7324298851595838
2017-03-12,-1.4381852547894771,-1.4173337399939805,-1.1711009915325936,-1.0394822927587968,0.20698587121342188,-1.1048468395035895,-1.1155081073904554,-0.9802010225790501,-0.6407879815375441,0.5595839681494649,-1.2507222181286166,-1.3511799668053648,-1.0037977156916023,-0.8034418380703425,-0.005692901974709185,-1.445603638470782,-1.4475150430102093,-1.2787749989192463,-0.5519473246608851,-0.6224271702588122,-0.40105615286097623,-0.3690328103143733,-0.16211319093594995,-0.3995664617064267,0.11589127820129237
2017-03-19,-1.216999145449266,-0.9219400618402318,-1.4106796006024025,0.28534808036515974,0.9144630269350441,-0.9032688648145433,-0.9124131721139918,-0.9802010225790501,-0.17495433197515475,-0.3937498370152349,-1.5032254117593822,-1.3019114031793493,-1.4488780865095798,-0.10689660072412982,1.2884917911162266,-1.3503641992122977,-1.4475150430102093,-1.2234289105870448,-0.5929034288033859,-0.022289282676115022,0.6346183745210024,0.3928594405983858,0.11614322247531078,0.43730924283895733,-2.2589846644610274
2017-03-26,-1.2126555832978907,-1.3776518794798926,-1.5088179769245165,-0.28721607407968897,-0.9321527069095027,-1.3887807172437847,-1.2712688209011573,-1.260037811750781,-0.23194261694904073,-0.6750931829366092,-1.2111307811415788,-1.1833317923583457,-0.8266010809734258,-0.8033284764454783,-0.8191836007638026,-1.4074913292241067,-1.4475150430102093,-1.3452123788643227,-0.3369101405074342,-0.2674713921133845,-1.0863878098578519,-0.8678489800832444,-0.9812938801498597,-0.7875309747144197,1.2576998297648174
2017-04-02,-1.4190177208467336,-1.5730233584836881,-1.3494259448659431,-1.1277709569127,0.12899117739243263,-1.5315375607502797,-1.1813752196368223,-1.1585568626359055,-0.24194335156365598,1.201200284121689,-1.1620237274053793,-1.2304064440344258,-0.7463615258399927,-1.1279499174658303,-0.3261029194130293,-1.3640161817804481,-1.4293516145536798,-1.1852063325829862,-0.660528634445987,0.11913206796158554,-1.307334327579838,-0.8312824067882217,-2.0671105744867013,-0.36598404540956186,1.4034065067427988
2017-04-09,-0.5719766584534459,-0.6744524598046854,-0.259645393444753,-1.056798865376003,0.10010099190509225,-0.7793871759959919,-0.846077962215973,-0.7246087177293455,-0.5112309059390175,-0.8028662783713758,-0.6129197186354919,-0.5062354207218135,-0.672950909463043,0.16670371605395842,-0.6177252899414822,-0.8139092722064032,-0.6832384456937237,-1.0132027573467972,0.4082482904638612,-1.2088374157718567,-1.092431292458235,-1.2453392391641842,-1.082391816561596,-1.0818061553407614,-0.011210899722186338
2017-04-16,-1.09865862414448,-0.7470205228023747,-1.1458711262173813,0.24236596036007044,1.2565617248750864,-1.1237199779737272,-0.9398029197749614,-1.0922614488178786,0.14599712279253543,1.426184143305745,-0.8129956315918705,-0.6117142463525785,-0.5597745433737656,-0.3056383991680662,1.1890916078773215,-0.8500614783611448,-0.3762470733348469,-0.6516379146441533,0.3224129401095786,1.5551687597111277,-1.1494004752849019,-1.24858599721492,-0.6191034893117807,-1.2246376039675155,0.5334539700731185
2017-04-23,-0.07946325034961511,-0.2043764873365598,0.16738936148872458,-0.5811046124356252,0.5956529348435974,0.12935389603831923,0.9967471941720765,0.237194146724871,1.715030570160219,1.5134655756483448,0.23356124224039335,0.004284027235741272,0.697119537321639,-0.7001556074266149,0.36159529167306304,-0.06120463839735118,-0.2540002540003799,0.494595734188148,-0.9349975263177779,0.7722465615968443,-0.82320239424889,-0.9013156255713448,-0.7245848578556235,-0.8205511155924146,0.4836257040098058
2017-04-30,-0.09998603623314395,0.5634671672551739,-0.790084115741604,2.063427945202145,-2.0551278896714646,-0.2853411821671788,0.056272947995272285,-0.9479020767585968,1.3095108009179932,-1.492245041625345,0.1859495929133932,0.8741603364612065,0.00818097984336294,1.0997207661448611,-1.6678611613126355,0.02347641123199927,0.7681352036948248,-0.17952810223725207,1.2552594130816388,-1.7177428561054462,-0.15578562539523416,-0.7093696556661652,1.4770381011038336,-1.0877158996528682,0.4743782650469435
2017-05-07,-0.021763958622009968,0.3036110422814005,-0.6755459490364244,1.3354952948630363,1.4182904407277241,0.09772792717913048,-0.2809556620643647,-0.25224317453489836,-0.10352282090217671,0.8868799299956144,0.24168030795744427,0.2259694672794276,-0.033134888146207034,0.3420320461585921,0.5535974417253708,0.35341595221815236,-0.07611418928232869,0.7540180293964587,-0.8142223219988954,0.3126360805604731,-0.23010772194667584,-0.25750965681182963,-1.0140657403606734,0.00948702475868525,1.284238298801502
2017-05-14,0.2370238198674533,0.0257698295943439,0.6268658650557803,-0.7144019708113778,-0.6990620736425593,-0.3105012031944971,-0.8399008748543454,-0.12703948609668073,-1.1091438286018689,-0.2862212917684758,-0.4948842619555574,-0.42702762389337356,-0.46352358236214347,-0.2456789060425342,0.6150382270027333,0.03293421809522892,-0.02576982959434387,0.5572862251448183,-0.4714045207910293,0.7302812204693738,-0.6133010032142951,0.11878694441412749,-0.37369460814295363,0.2248656750986272,-1.176741579573228
2017-05-21,1.2776445202370532,0.6084869844593289,1.6202808934556026,-1.0503107088475325,0.4254871322183152,1.1603659220555567,0.9606131266743425,1.4994457423853798,-0.32936167976267733,0.0888152766899723,1.1491258886340947,0.5491418999173463,1.7993073718875554,-0.5742529682106572,-0.3106942549522475,1.0761846094600185,0.538485427085955,0.6324555320336759,0.17577819068521106,-0.5821378089264182,-0.9386849220824378,-0.8854452897088407,-1.2062106134799087,-0.6386049838616251,0.586114826930774
2017-05-28,0.5314591087177558,0.22748945516027272,1.040096690555054,-0.9072227443593084,-0.12108395198701953,-0.1464847636735522,-0.7583109474552379,0.8988597217445335,-1.798573363518172,-0.13229031876228944,0.2666109518636075,-0.2871040359506574,0.9493405085886716,-1.0380236220219112,0.647611560527019,0.6325125346038635,-0.17334381132038318,1.6059152820898221,-1.7206276298372738,0.4333576041311743,-1.0954361312491678,-0.8416843806167962,-0.6809368794435647,-0.748754383674915,-0.053149085070563304
2017-06-04,-1.0726121205083872,-0.9524241471993296,-1.3655774839978416,0.5670142152245675,-1.2909914431944274,-1.8697062127189998,-1.6967135011717787,-1.7066948391150714,-0.7059820679230252,-0.7224998173933214,-1.0509880574565724,-0.6205052279940277,-1.577164985888468,0.8362269356574357,-1.2995677661792278,-1.2946607995862385,-1.3455286813085556,-1.0416747775717698,-0.5477225575051694,-0.06102781976973435,1.1373313339655406,2.2719036292770873,-1.2303723490531993,2.5646355627961754,1.4785547393229668
2017-06-11,-2.039800061265648,-1.6813456149534172,-1.4947177464120818,2.5517284208394206e-15,-1.0320091919118626,-2.0685144278791343,-1.714486586833928,-1.8545377184273368,-0.6087720216311232,0.14896337604881937,-2.0035075422321573,-1.8504691766051629,-1.762798181320859,-0.5676815797202182,-0.5663818209991521,-1.8706357463287566,-1.2562811540960097,-1.393880360133678,-0.04271138833879855,1.0000760982886565,1.759782599446309,0.9555097603120594,2.1652064415287966,0.3042222061413711,-0.5496618443659669
2017-06-18,-2.101229058045713,-1.4012414848168833,-2.324203751163629,1.9601080960151225,-1.5221402933111845,-2.1828821113162054,-1.6539138970087333,-2.3951805323688227,0.8204810304106969,-1.355375053976875,-2.569036624963223,-2.1129442610444085,-2.786515765700279,1.7504162683714617,-1.591460552737304,-2.444262146585761,-2.2219746902537065,-2.7136021011998746,1.3494259448659396,-0.41594400055773145,2.3845658634458524,2.8896503203863535,-0.34017624466835206,2.880401611044872,-1.1524364352439396
2017-06-25,-2.2342797195277306,-2.4559048294810903,-1.728546905454609,-0.7279753286041798,0.6594500428849718,-1.9278623085377962,-1.779245933081811,-1.8798173316521654,-0.13948177516981833,0.1558573000398432,-2.2429510714167784,-2.3732802661531323,-2.1168936059925434,-0.33207817579598387,-0.7732444215727685,-2.3509032403389383,-2.2622729075693755,-2.0184031581230255,-0.1984449918920485,-0.39113107057212504,1.0621493057499036,0.7299686006816084,0.1287850100024875,0.693690524790632,1.7773388021088803
2017-07-02,-2.294968287752829,-2.3958067069832234,-2.269597234018157,0.24683044971782137,-0.99226209681765,-2.324886114883768,-2.0493862607333257,-2.419758139113112,1.1619854650037487,-1.6024591861712456,-2.3831942151854557,-2.20607443708014,-2.5219387392291654,2.1880683245377233,-1.2986629701808006,-2.4493035922175417,-2.3595354428337822,-2.3875771536847727,0.7144019708113799,-1.085704037774123,1.0631770549238417,0.14655951747274776,-0.36418196301666966,0.1993393313508565,0.9107454324435085
2017-07-09,-2.306641658481806,-2.2755664536270923,-2.205105121147483,0.15677243620598896,0.4570581526393838,-2.1355510692771125,-1.971640404594628,-2.210327165193533,1.3797229985638002,1.008687549334536,-2.155251563412439,-2.1225397538793627,-1.8998621724442544,0.1635211203391193,1.5474748761254489,-2.144577047151573,-2.162994445788881,-2.078176950732259,0.24316554570297805,1.1745939244353352,2.1761197568721133,0.8509409473425916,2.6550822080691985,0.15564067613274188,-1.844890238854352
2017-07-16,-1.5671515221026624,-1.716825231879009,-1.3746592401042517,-1.157939139298891,0.5802188731533396,-1.6976537980016206,-1.9582533330921479,-1.4499410609704908,-1.5014826052318404,-0.17053110744477515,-1.4646013348719347,-1.767217644221767,-1.2586509056079487,-1.5513839392673288,0.6134035431117597,-1.482036226569449,-1.6186303181053336,-1.300808726361307,-1.1355825208414807,-0.060102260839148186,-0.573952903282115,-0.7396158654862421,0.34327463197809527,-0.8231729129672005,-0.5956403280239297
2017-07-23,-1.304238908485445,-1.38184786862264,-1.1669253493472902,-0.9350650612332794,0.8458120193150788,-1.3627069468301227,-1.340371063891249,-1.3303024106931443,0.24700446193957432,-0.30330622640465005,-1.229655443129139,-1.4197889716753456,-1.0763410205408763,-1.2444910568082799,0.4645544882853134,-1.285388768348847,-1.4371945064251967,-1.2041007484226365,-1.058426535085858,0.2950992773218313,-0.48620783900087033,-0.5675873785086198,0.2095473915398399,-0.6122232939598604,-0.5015527146301365
2017-07-30,-1.1495545914558027,-1.1786854481745537,-1.193383841692176,1.7626258682543748e-15,-0.5796440596969556,-1.2532546401413371,-1.1480979967247316,-1.3250305480052686,1.1744519182073876,-1.2212919206320147,-1.1722452247873312,-1.2374979762592742,-1.1282046492647497,-0.37407210408766733,-0.6325472074405242,-1.1227663075401615,-1.1378009146797368,-1.1234771888197777,0.09181462976098036,-1.2693562344141311,1.223659707226703,0.7909952621155235,0.02077147813169002,0.7823385234407227,-1.0439855400801943
2017-08-06,-1.531841355341016,-1.5454881179944029,-1.4621012199283694,-0.3422919352139984,-0.16662133831861,-1.6308729449427253,-1.702052839131802,-1.5727326146805685,0.2582355705641801,-0.8009328207578844,-1.5731409409265928,-1.5526841974329733,-1.6126325412255507,0.43641745476894905,-0.9965292433191104,-1.4696678460654162,-1.4394768891506846,-1.503528033097765,0.5940885257860054,-0.7791619704356691,1.4998056861371722,0.8031601449676595,0.018058529643269896,0.7892995133368539,-0.08682722116357279
2017-08-13,-1.5621068498232915,-1.2276925717364084,-1.5715458569220118,1.682481236412139,-1.2748753371632549,-1.6111161807326453,-1.4392652933801082,-1.5965623000647233,1.4113424577208538,-1.1725265997517247,-1.601701888178639,-1.7139899511401304,-1.5941093477374901,-0.42596176909818995,0.5202310586748822,-1.6216273630679834,-1.7140136912264845,-1.5229965448871974,-1.0416747775717727,0.04804032275328816,0.15965388248928153,-0.2167509984786774,1.213977715758001,-0.5366822915422037,-0.16129623775603952
2017-08-20,-1.261578358623856,-1.3460067442787629,-1.2110557826232347,-0.5075742518416987,1.1534586383858016,-1.3009772558800456,-1.2641809174853516,-1.2722251654714223,0.7971435263708743,2.0513285289233703,-1.1381639782930237,-1.1316580429373335,-1.2178776853249678,0.4044211768744669,1.4581574461584539,-1.0622702164700093,-0.8623787836639982,-1.055332831726657,1.124674620383649,2.0357290391379865,-1.0318600548346635,-0.9955235881740305,-0.804522615792032,-0.7436687885676757,0.25352107073354907
2017-08-27,-0.7740679815345659,-0.7909003482249021,-0.7863665165489252,-0.14106853831166855,1.0631936913113924,-0.7912843909919225,-1.0024938292021144,-0.6252818618254895,-0.9871659659324237,0.5647969466836242,-0.7499841779952141,-0.7899245747196376,-0.6728184754091674,-0.5355987721684189,1.1299974475469572,-0.7792514559191245,-0.856004861839609,-0.7426158567415168,-0.650167262668958,0.7156732367023039,-0.10850024262738961,-0.49767007423643617,0.22909453286937745,-0.5270110857051851,-0.9074977452885943
2017-09-03,-0.24858917646942347,-0.42938643979726066,-0.14330202715287696,-0.9193535001693052,0.9114112135932684,-0.4349188783354625,-0.6095191957803623,-0.2539028836625221,-0.9871659659324317,0.5037757819849001,-0.2976744891730227,-0.3023206017653293,-0.2978738005334932,-0.04255979257605485,0.7416513821767953,-0.32655112120032426,-0.49498624829873955,-0.23166195839971102,-1.1547005383792444,0.35652023147962864,-0.6750538232024592,-0.89997151691169,1.0539033941402196,-1.1089637186522534,0.28536808727686724
2017-09-10,-0.4493423140592695,-0.396607217217805,-0.6379126088135282,0.5311251933930934,0.6263665904315929,-0.5330827745091057,-0.8049683406409472,-0.2990817950972304,-1.260588475999006,0.5894609054783926,-0.5220349867105836,-0.475458614900015,-0.6515157711932728,0.3496745616068754,1.0906799253962793,-0.425719503461968,-0.21636113768259033,-0.6025435836007331,1.015091842650752,0.7045285069296535,-0.43325592140193026,-0.07563063294380183,0.38592519740457154,-0.16829675033108477,-1.1886304060109614
2017-09-17,-0.4574301521041291,-0.7713032402588947,-0.15193728535363285,-1.328699804391028,0.07018624063435965,-0.5809218638232906,-0.8936239227608489,-0.31230732814207596,-1.1471719734604682,0.3976431270716317,-0.2017731813079208,-0.5477764178472317,0.04265307040292373,-1.289522512218992,-0.034227333128469276,-0.33951304776642044,-0.4616115302417693,-0.07078075626663378,-1.046355721852766,0.3188964020716394,-1.68269566617269,-1.6381804890784082,-1.0980090931826316,-1.299123059219158,0.0817465534804409
2017-09-24,-0.1923622890219437,-0.2048682991826536,-0.21313613942959242,0.06471530377594378,-0.8429882070796563,-0.3974133551291141,-0.6559936209416269,-0.4055927385057296,-0.3994322008600863,-0.5088889512493144,0.026372255821448833,-0.1952179450413845,0.24899338101392993,-0.7499005550830085,-0.6448089840445489,-0.24823118069362796,-0.34063062424637663,-0.14287064223282636,-0.40671691893050005,-0.913301468597635,-1.4523883319475106,-1.3573941390444264,-1.0465690852403358,-1.1013355136376037,0.5567936701370647
2017-10-01,0.45388436453294617,0.4090079831043635,0.18910539209702915,0.21462818807669184,1.3921146382889993,0.11562923792747896,-0.5004159269209221,0.5449760265463012,-1.2905511806493228,0.3562065750452272,0.3841092176678398,0.2581092840218369,0.2721655269759076,-0.1307440900921284,0.6873361628511921,0.6392133081218445,0.29627487055023305,0.8302566938593546,-1.068473526507296,-0.10835242052840686,-0.8517270582504463,-0.6662606720132772,-0.6739449179694107,-0.49920440352196827,1.4470953819073593
2017-10-08,0.6239581182412907,0.44953969379737385,0.7387457260950931,-0.7355037002501736,-0.6609707821164714,0.2003791432925271,-0.38196084458859353,0.4908266625647777,-1.0596808897209868,-0.13612455024204162,0.6778527068546686,0.6644162565718227,0.5443310539518152,-0.03225340341758056,-0.8471174496030187,0.4066407086842101,0.1467712864179405,0.1953545162022011,-0.127688479613806,-0.6908560945308103,-0.8809442180634117,-0.7157475396559029,-1.341997793935737,-0.36164546756579374,-0.11106556858158247
2017-10-15,0.07142220695029938,0.12748328657119465,-0.05042729056592978,0.24936762254735606,-0.8788824487541895,-0.12388492088516762,-0.2986054870722564,-0.05147009197724789,-0.2529149645887771,-0.3475692907961481,0.14550832359840962,0.0658372416624333,0.11463749708784893,-0.15461042160902863,-1.0390314465671835,0.007466306827977272,0.38242292441183856,-0.3247991771764591,1.1879745921620577,-1.5182370017300875,-0.6215378030067569,-0.7145741240731261,-0.2760057552782352,-0.6897570311160401,0.6450379569638676
2017-10-22,-0.44168626429216507,-0.6281222025478972,-0.2574583054607798,-0.3630285557161601,-0.7518385926134001,-0.8328013050918364,-1.4433086910577813,-0.4732287974619795,-0.7459669120271416,-0.07713724513715425,-0.5622814587464174,-0.866346054099135,-0.05233641812303654,-1.614321568003344,-0.3293707799209933,-0.6364776405504129,-0.7673412287467927,-0.2809556620643649,-0.7893493528534574,-0.5190845296125929,-0.8180187549627207,-0.7504649753406908,-0.9570970288387073,-0.5248484463757614,1.3262685416114834
2017-10-29,-0.08973566909087413,-0.5169274967880201,0.21505401716152578,-0.8251623976392475,0.5259501176433808,-0.6462823920029879,-1.7771285450358885,-0.023606044786965735,-1.019985854174735,-0.18104475579960647,-0.4500251746940073,-0.3796948725344245,0.056911039322447,-0.7791818909631736,-0.08145880546002779,-0.033618013650629656,-0.6523026291208815,0.2996589002088621,-1.2866307885950965,0.11335272023890906,-0.4279240095141195,-0.5038968119446012,-0.345598934747533,-0.44772256592026405,0.3482719695702567
2017-11-05,-1.0498297528196372,-1.4884684451176953,-0.928932341358572,-0.2664586909043344,0.12488754265570914,-1.1249894223852677,-1.9281229281615122,-0.7908025003632636,-0.48008204749708777,-0.26978215455689575,-1.0639248180359022,-1.0840456189824614,-1.3445278170502544,0.7745966692414734,-1.6019627895337427,-1.2026038973068178,-0.9695045631379793,-1.6049193765122505,1.0046295198619257,-1.481297862124851,0.26328280816145555,1.1346827532212251,-0.5494768461417153,1.7757203512005986,1.7105258451191694
2017-11-12,-2.3363892461055706,-2.1756920442219427,-2.2934633034737497,0.6974179633686411,-0.4500514470592434,-2.566264182636268,-2.5794898373077424,-2.3870119833698302,0.21338449426780257,-0.47396587068057444,-2.4983110004964626,-2.573527372204974,-2.0579507403830486,-1.313877363483265,0.22844713741021364,-2.4800072652331555,-2.595770281950081,-2.2012776287101676,-0.18916616086590662,-0.17130655548382484,0.1657858317511205,-0.14799939345066176,0.08025715590096495,-0.21676714216049048,-0.528557869000144
2017-11-19,-2.511113826126743,-2.280185302773435,-2.6819997514554115,2.4850773419374224,-2.336857982871282,-2.4909920354259687,-2.2660622515454025,-2.536333907576375,2.1235669588390405,-2.269332222014531,-2.4960199682396205,-2.261811104775156,-2.5556453347291894,0.946099833582536,-1.3894537104590607,-2.5845179237835887,-2.6239347437056963,-2.4185665016184856,-0.6605286344459887,-0.38320172169694616,2.436890772601344,2.8269061443440693,0.8493146945218212,2.9043521471736424,-1.3368026108168225
2017-11-26,-2.0640695797841118,-2.087426334788853,-1.9833209035659516,1.1986283631612722,1.1470778699852848,-1.9860697036940482,-1.8588859183579074,-1.9072365260984265,1.3922450566968634,2.108419873676086,-1.9666347102765032,-1.8960682720051503,-1.9187039074959216,0.1773937187967308,1.1909603232506247,-1.8287021298190627,-1.824779871249244,-2.0265772803658475,0.8059455345148215,1.9657082591322594,1.3427770898113591,0.36875949180005396,1.7494654107834677,-0.10093631525162482,-0.009657289053789386
2017-12-03,-1.8036808425692703,-1.8161012487510637,-1.608450196865521,0.567749019380546,-0.8965500017009659,-1.8255072315388918,-1.8986843616053228,-1.80226357603308,0.9790292345994884,-0.9280139893411109,-1.8310228961988884,-1.923134591266303,-1.9956579074481369,0.8133560102610166,-0.2044576461000416,-1.8440706248529388,-1.9784056783172657,-1.7068247000744439,-1.2284485087542756,0.3708343509448108,2.4660922602742863,2.1232144720341184,2.522805395213204,1.8082573267387023,-0.14947804140627066
2017-12-10,-1.677355231275235,-1.9957289004146554,-1.569891266363207,-0.4116024531579363,-0.48807110086924715,-1.6999069895633363,-1.807125705995995,-1.7466982442086842,1.0944714684834487,-1.2789456440276425,-1.6434676089656788,-1.6477607760532011,-1.8706646900507646,2.1088202317180658,-1.7283326366677076,-1.760997679452314,-1.3653315720366235,-2.033680312035488,2.573998988881971,-2.17292909858395,1.8054478064227855,1.1222419945902866,2.521829287412714,0.25122110933513014,1.6064065374263992
2017-12-17,-1.7370810826453726,-1.7092030221683592,-1.8905177712202663,1.8748761786063617,1.6804707377554928,-1.563281244580531,-1.3513841885632298,-1.6044857857666215,2.1047130060904777,2.3369310968849764,-1.5546718886261917,-1.3904076044153635,-1.6537942978921143,2.1651201207500885,1.763080725758794,-1.4447337805237104,-1.2830492535035314,-1.4405864234484014,1.046899336818855,1.9119311546109803,1.2543401554798892,0.8712681366876275,1.6990012189777377,0.20928841095633374,-1.5877279362861927
2017-12-24,-0.7856158183031641,-0.9313806308475985,-0.7365280878899522,-0.1558573000398377,-0.2791452631195436,-0.649882295762315,-0.706407927520682,-0.5314279401965006,-0.10391330703820009,-0.6650554900226043,-0.72708155240218,-0.8135317209028233,-0.5430933581986993,-0.7425825207531249,-0.3675154188905685,-0.7553728032383916,-0.8320660235228755,-0.6488649707165479,-0.253389648402012,-0.3989773690407224,0.44329195818719985,0.4198212674470659,0.8235435282440541,0.07580081866381852,0.2852684586341854
2017-12-31,-0.369834592811406,-0.5087601123287769,-0.4990937243155006,0.3106942549522473,1.5977075281727242,-0.35022778526716597,-0.5902846460632013,-0.1412776662024831,-1.229640799952089,0.26124146989232805,-0.3126412924199747,-0.4070973824971182,-0.31192603217356596,-0.16104199245248269,0.9779004234117977,-0.2484745876193651,-0.40821769934242047,-0.12128639335218631,-0.7081835248264102,0.6020641535193837,0.7713136088065307,0.5732225367989677,-0.4241251157847214,0.9757710043344484,1.2860279589979888
