Date,FRD_stock_Open_average,FRD_stock_Open_max,FRD_stock_Open_min,FRD_stock_Open_volatility,FRD_stock_Open_change,FRD_stock_High_average,FRD_stock_High_max,FRD_stock_High_min,FRD_stock_High_volatility,FRD_stock_High_change,FRD_stock_Low_average,FRD_stock_Low_max,FRD_stock_Low_min,FRD_stock_Low_volatility,FRD_stock_Low_change,FRD_stock_Close_average,FRD_stock_Close_max,FRD_stock_Close_min,FRD_stock_Close_volatility,FRD_stock_Close_change,FRD_stock_Volume_average,FRD_stock_Volume_max,FRD_stock_Volume_min,FRD_stock_Volume_volatility,FRD_stock_Volume_change
2016-03-27,1.1012484545240944,1.0976768813398092,1.092543995058512,0.4085636619210665,-0.5476252640244939,1.1707122506105552,1.0416858123789108,1.3354204808886423,-0.5910615414361172,0.23846544892881083,0.975742041318254,1.0068559510644683,1.0475757157369419,0.14148913033900148,-0.26672020845849576,1.0136060656235022,0.9955443602839061,0.9691825129223542,0.28216749407547853,0.22346512938206578,-0.7260390676291656,-0.8423858243957485,-0.4210942004125606,-0.8241782735771198,0.1398476965434019
2016-04-03,1.122875658760555,1.0712561647784924,1.1505967362830551,0.05864892487902383,0.5247085223213817,1.2014686138686528,1.0183320148205377,1.3277365364174645,-0.9111482591367448,-0.31738702330173413,1.1258234435237642,1.0429182488519706,1.191343503417124,-0.3895004651265988,0.29291629936896224,1.2153036726064637,1.1361630316906584,1.2246136057663828,-0.21433316637286945,-0.6148150148283026,-0.7545884505547606,-0.7999850256401353,-0.37328204416568145,-0.7709687653750722,0.5991718073970579
2016-04-10,1.0254516958141524,0.8973930465348233,1.2452851207100712,-1.1520525729714117,-0.40627500931201915,1.0007236728781013,0.8922597991680703,1.112872121231231,-0.7976677740852648,-0.6341913575037939,1.0349695071319054,0.8484704203107454,1.2123112194454004,-1.4369978928421245,-0.5004092064775951,0.9832993198809283,0.8335466371924418,1.158298069248742,-1.3017660384725254,-0.4326822318261603,1.0472212987896035,0.4191124515493978,1.2793584910961573,0.2658531004797801,-1.073221397422221
2016-04-17,1.3261379637528614,1.5486958663764872,1.1586161192897921,2.0235694015052084,1.816999337610587,1.3385297126275006,1.5426289055496505,1.0465877957538399,2.1760301247102296,1.9365464246254964,1.3557977681709987,1.577472260215217,1.0304981863157843,2.278866448939258,2.0544966394832476,1.4051111929299118,1.5502868527902103,1.0027487604293124,2.319484948500565,2.135484640781453,1.39151012876796,1.509052556867211,0.538182213540798,1.443646842795932,0.11048336254317141
2016-04-24,1.471967196215638,1.2142976402811623,1.7132727044467562,-1.2266392961454873,-0.3954711365595947,1.4313429933154342,1.1962555670503787,1.7205501799337903,-1.2390257783832368,-0.23706214554482788,1.5395470968360876,1.324257450400813,1.7176715669335576,-0.7238292290436285,0.01824434814922857,1.4996341974866374,1.3110525615898923,1.733092126323735,-0.7148861439264519,0.21829076748931292,1.7862539204997556,1.8081949818077871,-0.474466217091751,1.8275104213096571,-0.003285081053093826
2016-05-01,1.2506670280652583,1.2423710156648866,1.3732822998755385,-0.3202790039219965,-1.1340748357871806,1.3240353468415875,1.2522859253625493,1.365651214688377,-0.22642819517214868,-0.5242224339966242,1.3113107063926972,1.1712290058765338,1.473983062629425,-0.8758930092475573,-0.8360796171499412,1.4133951706664734,1.2855326132365577,1.5130994508826097,-0.46854847982012604,-0.38236808495487884,0.026056599467493686,-0.2924495072641888,0.26636495725367393,-0.30585525568470096,-1.4194998871916678
2016-05-08,0.8412628904284086,0.8099214136234033,0.7883531804173947,-0.04912507507891276,-1.169927700000078,0.8217245972128454,0.8962488950666437,0.808752300044835,0.26928336929459556,-0.9892063645164355,0.7958599983976248,0.8547781705911421,0.7403885546643566,0.23368810966725495,-0.5192531240638639,0.8533620189362761,1.0093078189576186,0.8090256472168822,0.6888735224015224,-1.2685244049472733,-0.13140429209464677,-0.6150547125024112,0.2275992049635014,-0.6243747751233076,0.2389446791385238
2016-05-15,0.7802126503820646,0.6629590640052435,0.7075313573402461,-0.14404523894269924,-0.3563272815468922,0.7992308050763588,0.7527966372290672,0.6891112913450889,0.1793057586335383,0.2289725011007784,0.8082502146562471,0.6749766993915,0.7678935261460509,-0.21022159156106118,-0.6765594372451517,0.6895715400553277,0.6097845405695292,0.7744480677818021,-0.2593810840240173,-0.5072902980638985,-0.4612734307105256,-0.5206126350402351,-0.533783682526592,-0.47548852380952045,0.4942117198718049
2016-05-22,0.6515396745037667,0.2796909908301337,0.8765557728058349,-1.320278023343394,-0.025709786895192183,0.5883669315428419,0.18684906822732686,0.9475164828253446,-1.403330215645583,-0.1617887182203817,0.7496039080222182,0.4814233169855579,0.8764422493564106,-0.8544447958342791,-0.07928747379277183,0.5899145282541459,0.36474382405055833,0.8336731275718893,-0.9960784162656576,0.02642678231619692,-0.8548157921889417,-0.6663300730741765,-0.9992988338441313,-0.5997669239192498,-0.740764227995967
2016-05-29,0.6657338470322233,0.7695526513267135,0.6952165021012503,-1.3529918247474424e-15,-0.7012911845478257,0.5175702106612451,0.7321337019262718,0.5414786501147306,0.20354011462009458,-0.8299449408333215,0.690636963815231,0.5772700983541073,0.8436511974266255,-0.5433304530819647,-0.6198755387721391,0.5309768461646771,0.4581435377878485,0.8066663269526804,-0.658341529535992,-0.4703845909694576,-0.5100306357178493,-0.5111882638157474,0.0,-0.5158542844843688,-0.363829145997471
2016-06-05,0.06739848412988222,-0.060466259169147746,-0.010699454594341885,-0.07497584175555476,0.5673958159306346,0.5882474130235213,0.5697693066779174,0.6057417576187694,-0.11798578966240912,0.7003824971885735,-0.09953912272638903,-0.2573063151876603,0.056589295708802216,-0.45535222814970444,0.3967890805147533,0.31076085924812413,0.143999597506993,0.5183966200650557,-0.6342589263893196,-0.11928148105610474,2.1689640536957837,0.8550817738675026,3.1724954177909384,0.1941989140579911,2.412823639480928
2016-06-12,-0.18937799222371865,-0.4385016041596481,0.06593102181642908,-0.7148713237105826,-0.2548564458054139,-0.39809232286963425,-0.49706817102860196,-0.07347852695641217,-0.5624208602106062,-0.3502189552919819,0.038753923993812986,-0.23776888950451716,0.22786635759382856,-0.6529678302945195,-0.34543492320922736,-0.11952581720022752,-0.3001087325546746,0.267096599040962,-0.80300671414427,-0.13977359412115042,-1.0949116992316108,-0.8349706894944392,-0.23705753388889647,-0.8202683663792043,0.12241757451032205
2016-06-19,-0.19187121863316522,-0.26082281477970265,0.13333832176640445,-0.5522492671901218,0.04269326222851324,-0.09863622585004791,-0.28101591778540225,0.04231068088131857,-0.4127511870288697,-0.5705089097744012,-0.03857519053080764,-0.051434922459060624,0.043823483912447975,-0.134179425189653,-0.45623578299592094,0.16132565180459277,-0.017469247754305008,0.37959070289734675,-0.5661950175546988,-0.49659560978726625,0.06442384311630131,0.40850006178537646,-0.05970663450482193,0.438383122288985,2.0580286103951493
2016-06-26,-0.5907450641940352,-0.5596455724256378,-0.5553272661709463,3.4261017900741536e-15,-0.492984464789842,-0.4882047370445223,-0.24682857239273323,-0.4782196609017772,0.2256653936758403,-0.4620750006602162,-0.4525353895507565,-0.37000897701182855,-0.36401119735078935,-0.0059392783763789845,-0.7190876013543058,-0.32708953058469004,0.01020421444555575,-0.12953309917577438,0.15949131412678408,-0.39426224194496606,-0.3053347835622021,-0.29487843591954377,-0.20612023457300574,-0.2632976832326067,-1.1346667723866255
2016-07-03,-1.0469589644982888,-1.107785961174616,-0.7759880956746157,-0.4937533038435622,0.42446855588435584,-0.8210536911566206,-0.9357604759733019,-0.31063995055447713,-0.6463632878815319,0.40244154436901797,-0.8165979973898956,-1.0215463923781376,-0.5337412081568581,-0.5621088059499909,0.24655387628319048,-0.8081823725743323,-0.7216507957902177,-0.7705563570359009,0.01774138806106314,0.906615518017451,-0.7736935599517941,-0.8715038117459051,0.6239002602412586,-1.0204164090721224,0.08827871968629487
2016-07-10,-1.3334786745867415,-0.8959071191427241,-0.8431607988896535,-0.0653176363432918,-0.7967761585216798,-1.605140220720211,-1.2619275211596348,-1.2328756203834708,0.0397930726398584,-0.8905563343345859,-1.3324711753304197,-1.5888260510181738,-0.6251122213377219,-0.9427033099786284,-0.25953039608757245,-1.5955251711267764,-1.7855242624566918,-0.8986501861701067,-0.7711634792741972,-0.21933226980287487,-0.8962397976526545,-0.8623607208846115,-0.7230545454867511,-0.7363406502932399,-0.47705543831517844
2016-07-17,-1.7715181082695195,-1.8669158333727962,-1.776024512330109,1.333334724338447e-15,-0.3464592262695103,-1.9003279785170863,-1.9399064375061637,-2.0359638900425265,0.49422181288875516,-0.17255919256290914,-1.731605533648257,-1.6068688130316346,-1.7541160386140577,0.4792123137683227,-1.0460231623790233,-1.921075387838786,-1.8823690175990613,-2.0027320380190727,0.16701616620041876,-0.5707127203412206,-0.5275521464973975,0.403574267295027,-0.4302053561734466,0.5178078243936876,-1.4404740725039562
2016-07-24,-1.2395402067881673,-1.1107505212115312,-1.083208049794746,-0.35993701653268956,1.1982977835669169,-1.3611133234088617,-1.3706170963725306,-1.1889544000696715,-0.5225694390870741,0.27349950944492674,-1.3400246416942203,-1.3545965998363818,-1.2655157592693775,-0.26348259320699646,-0.05372204774413009,-1.2248850649413792,-1.51970428100996,-1.1009872534317688,-1.1501473001710438,0.3678890062360208,-0.49474496136566365,0.43942381676878556,-0.43648613308433576,0.7299274481696826,0.3661235066786365
2016-07-31,-1.4931066294165996,-1.415489665617166,-1.3722677472565945,-0.4787508928130073,-0.2835619817263376,-1.6710149265650236,-1.5515223701239333,-1.5719156470475049,-0.21313613942959886,-0.2397993629869134,-1.5587256352776935,-1.70560012666157,-1.2807971978134067,-1.3787566854757918,0.41584519770456957,-1.642705553470401,-1.3927308075000218,-1.5604603763363305,-0.22950382790475574,-0.09991677068887109,-0.7166632392086197,-1.163442695787316,0.2695051664440235,-1.4618113600244105,0.0690088452220081
2016-08-07,-0.6414871364988356,-0.9236333826321048,-0.39512926323913683,-1.2641342224344214,0.3340424736539163,-0.7319269603802245,-1.0054634717500854,-0.6200591758209172,-0.7778218159473351,0.25895483403686514,-0.6418559788578752,-0.8161124647156898,-0.5652180636382576,-0.8155724192496433,-0.010943294676440729,-0.925025069425485,-1.1692758356145543,-0.8305138563578122,-1.065403992766184,0.15361553438829142,1.7965027659198576,2.8333118206883428,0.07066022454239945,2.9356460232331787,0.029827075915372182
2016-08-14,-0.7630879128044967,-0.3616595300396056,-1.107582310746273,1.490928912748356,-1.624192289121355,-0.7361833905966981,-0.1797027379972887,-1.1058469001193554,1.630113824558651,-1.363742078231094,-0.7612363779100556,-0.43718098863416105,-1.0212610519010454,1.2270634572241557,-1.70363877897969,-0.8952956039093121,-0.5234331171096913,-1.0488088481701556,1.2545084905709936,-1.5008953069389182,-0.7698165659070285,-0.7112252843825252,-0.25954870674637703,-0.6887992157688477,0.4566246139209515
2016-08-21,-1.5317426593304035,-1.6269036695641697,-1.084652289093287,-1.705921908958925,-0.08687027511589052,-1.4862923177606955,-1.4300973071953067,-1.1918003702448627,-0.7510410066572074,-0.3754539912125087,-1.4128298970315285,-1.284120545056872,-1.3428495756382233,-0.15855902777486838,-0.8091754581443493,-1.4094836378176372,-1.2292878263561178,-1.437118705499755,0.46923713220347235,-0.9916981057750641,1.1178131767585329,0.44103695560045825,-0.1875527922666612,0.4902259597859003,1.6108627797376318
2016-08-28,-1.4343326353219452,-1.47810922950588,-1.3074256448123642,-0.7721536910079057,-0.08455578295391694,-1.2275746416378734,-1.4728897049503606,-1.241120126166127,-0.6330007054234531,-0.0976675520089457,-1.4361091886708994,-1.2024908352057357,-1.2728053550193632,-0.12374046434166992,0.010050631959633925,-1.3105373314357152,-1.3021892394705759,-1.2556640195692779,-0.2161139220633057,-0.12333405639650055,0.7247165640139669,1.574530867372524,-0.5883455509824664,1.6829962664143123,-0.2286127440054917
2016-09-04,-2.0886071514499918,-1.8426288599963945,-2.0971613006720125,0.4110530372280603,-0.6761239468152194,-1.913535195727582,-1.2992412305128638,-1.9492649612436155,1.6661893678767428,-0.6237210677784151,-2.1476523043199043,-1.876118247430094,-2.418060181248138,1.6273524086899347,-1.8739545580452874,-2.059339476706412,-1.9034935437854472,-2.2648134838031546,1.390766573372333,-1.3423879982492963,0.7137834208014269,-0.12399358491787965,2.4417284119855487,-0.34401425501404886,-0.731438028348417
2016-09-11,-2.147123920631529,-2.2560797968813175,-1.934291517398792,-1.7420386235986538,1.1825280215251621,-2.068307573416408,-2.323627529805571,-1.7972234687596995,-1.344026880806432,1.5823354581611846,-2.0051798912132925,-2.150202278621605,-1.6889654877001354,-1.2556640195692748,0.9464523045525475,-1.8150723937623514,-2.0232542673607847,-1.6081316403088997,-1.4454127987845953,1.228254134243247,-0.15248860099413822,0.006144374452642785,-0.9658362106992715,0.09946414898858756,1.4275216922408505
2016-09-18,-2.050758666673596,-1.8082419257275202,-2.1052875172034313,0.04628457702152039,-0.537086155529577,-1.993049358797565,-1.872186467460979,-1.9492755961909212,-0.133831571848811,-0.5461206773315064,-2.1547155837586724,-1.7866630103662011,-2.188046501892511,1.5588457268119928,-0.8184396318027246,-2.0933415709168073,-1.7191740646989568,-2.1306155003724396,1.2998673672393648,-0.6237986580803497,-0.27372158613837094,-0.5404800727558591,-0.9747697669405964,-0.4371179360495637,0.8613933947245473
2016-09-25,-1.882502426652268,-1.6882153300916916,-1.9094380736817398,0.32359946024734604,-0.7979158691282475,-1.8160685783601056,-1.7075422402353164,-1.7337931474416195,-0.06273240973690893,-0.7312931680499248,-1.8310970374648545,-2.0133476523148826,-1.6999989621815936,-0.2613675397256101,0.0503192824054471,-1.7677810875924924,-1.9143192313164508,-1.6143173109885534,-0.7948915991428304,-0.15090507940238396,1.061673253650457,1.000670985195497,0.06445133023010306,0.9858429112955149,-0.5770646500727212
2016-10-02,-1.6688059809779519,-1.6145029733190717,-1.6134344547586688,-0.49806025390547354,0.06326707627807668,-1.5637707071894253,-1.3466489331349276,-1.5932240039503855,0.4835740649899794,-0.6275530385535509,-1.6100722757982184,-1.6845884234223758,-1.4273353083262716,-0.4401979616431257,-0.0709897629297384,-1.602887145749083,-1.6911573842859744,-1.4480334312880025,-0.6753757823224635,0.5789684978527696,0.024058953510516054,-0.17990334810642364,-0.89548229843518,-0.09578493461461199,-0.9782695029253019
2016-10-09,-1.0224854912707861,-1.0173501310824993,-1.0772198279863696,1.817028945938433e-14,-0.5943881165896184,-1.0878510888343438,-1.164187776216727,-1.1095760277547286,-0.3025661068701445,-0.572402874900669,-1.3449653447426568,-1.6181201931241844,-1.1844851166936023,-1.4687323946800872,0.7171115549309983,-1.382987476729642,-1.614635466932552,-1.1966017890765852,-1.6068432325995214,0.7023993128658984,-1.2034474908875754,-1.1386756545490317,0.25872113549436937,-1.153686961115873,-0.2732759609396403
2016-10-16,-1.5916705715247017,-1.7930963950277077,-1.44860658141033,-1.8402301177969331,0.8699380799629316,-1.6125765642816117,-1.8429332620463599,-1.4640106853920012,-1.614579171076359,1.1416190865462619,-1.3959996758642408,-1.6257524217559267,-1.293122588568853,-1.3676731145352705,1.014458369533618,-1.4082638847292017,-1.5711582562432809,-1.2936818797173326,-1.3385483963299474,0.9645973563158441,-1.1921399999947444,-0.8550780899430376,-0.9592041515593958,-0.7689614986082384,-0.006665656525929158
2016-10-23,-1.3347738092939614,-1.3445165542628303,-1.4056856435979712,-0.2885048868032812,0.9217648016985434,-1.3503957976967265,-1.4115055797056955,-1.3815476791837185,-0.6489365117415924,0.9860209747451464,-1.23151066015363,-1.2049767520500236,-1.2829213819548368,-0.025415744296333732,0.811305159476021,-1.2478158776719181,-1.2061740122557243,-1.2941034448633575,-0.22083820327023934,0.8140903729060349,-1.0653328986565078,-0.8494781509130307,-0.7173889508100155,-0.7896670686380386,-0.695546011065873
2016-10-30,-1.7181543763555647,-1.5178700499702675,-1.7968788453609386,0.7922501399232598,-0.3869100118199704,-1.626724572958576,-1.5432834847986814,-1.780813747442235,0.24282189846435245,0.6546536707079746,-1.714155942735911,-1.7188363473911177,-1.8004402787084781,-0.24906032233296066,0.5680674219240517,-1.628830856417072,-1.5805402368275954,-1.7034933484968393,-0.18226704978468367,1.2618228291401377,1.6377630768195734,1.144405795523959,0.7846632135979835,1.0957566621426473,-2.017577130941823
2016-11-06,-1.3369181837297675,-0.9168289221385801,-1.5502150931449619,1.9561224640445232,2.2338441767826125,-1.1619796398751179,-0.8356861941797642,-1.5420161611036973,1.7250886338602724,2.358276944337715,-1.3490066352502461,-0.7372907667051489,-1.6213341405567372,2.2548372595597876,2.710534413515046,-1.1876510134147629,-0.7374759890690218,-1.6580959757058937,2.272647772776307,2.5103066235546403,0.8171762345416568,0.34392604884048306,0.44210732749795,0.3023335875378509,-0.8381529297775361
2016-11-13,0.7723135328175915,0.7451954144179965,0.773250542917525,-0.335672543318681,1.1704445878734175,0.9061551007345773,0.8815701535998373,0.7644501873425185,0.27978550538974994,1.4381149748179702,0.6799502090380412,0.7537900272103376,-0.025538659809456212,1.589722424491029,1.9864202490158573,1.083397322395786,1.0744306187005082,0.908079629450694,0.418737380113282,1.0442558076116135,2.0518383473447313,2.4627001567286464,-0.7839459657672064,2.505390210074412,-2.7669189649406896
2016-11-20,1.1576705868411963,1.3639104846056458,0.9585830551788347,1.0048012218493378,1.2667090558955854,1.224058536919761,1.167883578709171,1.4132163992265656,-0.7063527175866066,0.3130248816018431,1.2270695500181845,0.9846720051225358,1.2027886160629875,-0.4231113783319543,0.6650632378965431,1.3213742326365536,1.2365745237302135,1.4250001183334786,-0.5213762519437577,0.21243123580380646,0.18688585346574277,-0.4577410678920846,2.349317914068691,-0.6903914256263435,0.26381315723335996
2016-11-27,1.3274880642387932,1.3140783339665245,1.1345774106964397,0.4432273982290222,1.0889863425947943,1.4851805129155995,1.4247915769208568,1.4687203665677941,-0.15558597142424235,-0.09743547036924328,1.3756464584949017,1.3406395585867565,1.3541945565469107,0.008650311892617751,-0.11130031867854835,1.3876698670879444,1.3173571303443947,1.0926500847321248,0.4402401031318211,-1.1448170203550527,1.4436875564493932,0.996685556913737,-0.4477891359017107,1.0244442436761854,-0.7684558698846448
2016-12-04,2.080476487499773,2.8338609373125525,1.1029879309452415,3.1744672499418245,3.064501659580174,2.4378358329180374,2.8200090364953727,1.3294995487315688,3.1570001704131796,3.0509089671608804,2.0796443098423327,2.76484629812879,1.287638319808286,2.9169687736116345,2.82105958009618,2.2979698451427897,2.721850703407395,1.1033116276124992,3.029839024886991,2.8861496081881537,1.817532097217552,1.046647957845641,2.6527036652639118,0.6850187287595612,0.9374722793281396
2016-12-11,2.2897732632977563,2.0064732569265957,2.426915819304546,0.7555564374879502,-0.9863433410480049,2.1643602993645215,1.9380505533427403,2.197464415911365,0.8831557633809082,-0.9682549723672562,2.117655334132435,1.7391316198850886,2.332662088128113,0.1224011308917551,-0.9289914929557178,2.0406660483485197,2.1184875956502034,2.1563560992324886,1.35766095531853,-0.8924955410197406,1.5859781453635293,2.30407871156242,0.3749988444758311,2.3046329363772418,0.059514685194501
2016-12-18,2.1962929980367707,1.9875749407721195,1.639554632847982,1.8582775500972546,1.8581219481336955,2.2018810232672177,1.9672577020427213,2.200069640511315,0.8578429039768957,1.00757392824694,2.335816035016892,2.261159162960361,1.8005892694680956,2.1216226757267815,1.7859663981466931,2.3561689215450055,2.077155166982113,2.3742495372403094,0.9020764895858187,0.9926790978704966,1.3139048726683789,1.0256563033942068,1.2447663980919772,0.9163698382219517,2.1364296925545134
2016-12-25,1.964271279421456,1.829116784062228,2.333551051869649,0.38546403741526225,0.06077871424933344,1.9531576970324473,1.8352516994549246,2.0601928382198973,0.6595287426040123,1.0524756426637165,1.9638291043581093,1.6902399656187992,2.4004931628816353,-0.3898178171119107,-5.447508222142652e-16,1.913890383206473,1.7527164240596946,2.143825807210723,0.17178835106397053,0.6242452290040568,2.660902456788394,1.7426497901310005,1.8939219989167442,1.6155379601743431,1.9885190976592335
2017-01-01,1.8838235048780136,1.6846107960751677,2.0891101359763824,0.07793488135649639,0.5271472119229927,1.789096111122329,1.6697109598815565,1.8701505895484052,0.49058910804281974,0.6453118595100201,1.8962243190668526,1.8085574079711417,2.00868271474202,0.37258588819680555,0.2702488978471552,1.8115082546148928,1.681419638272184,1.8885587340436993,0.3372280805254788,0.16791837723744263,-0.4296680597686063,-0.6392286329098977,0.5816122533828254,-0.7283914119213847,-0.03246119560991703
2017-01-08,1.8514986781809981,1.7043686971463183,1.9244194572657047,0.2606073523121781,0.11627916180338406,1.8375935608806906,1.7343799778129592,2.1093408634116253,-0.5418481873967603,-0.8552108314001374,1.8952585214336555,1.8088065369501332,1.972565377742932,0.2411425854056349,-0.44827603829970375,1.8605832419483015,1.6881764335153369,2.0634228675750315,-0.7869350099673789,-0.8662229687975178,2.515629587902141,2.7850258586294876,0.1409703260044797,2.8128552637510458,2.634246011828115
2017-01-15,1.3839862885099767,1.3811393408717108,1.537424357018675,0.07422920311425445,-1.495382735096854,1.229388910695511,1.2910943980371195,1.3230362494295917,0.28692356912962963,-1.494966283907277,1.1950799284622786,1.1667861578167877,1.022953259840718,0.8394932193188082,-1.989790612189551,1.0866424164450017,1.1895847093063883,0.8278590311546574,1.4449982870816522,-1.9450866146107397,-0.052519960352146094,0.017529265144797003,-0.610143428834389,0.05475455355129922,-0.9841131396149373
2017-01-22,0.7351522857997557,0.6384188215666343,0.7778613159833478,-0.2335734917418908,-0.1523269276863142,0.6946624874940376,0.5803329121311575,0.7521991046317831,-0.5002178528358029,0.026169373896370553,0.5897864808128258,0.6879351966129506,0.5614307003448696,0.5874959263507299,-0.20017056708200628,0.7680798769680168,0.7070248145740055,0.8977826035958999,-0.4790210889155724,0.13856308912479715,-0.026595821105193578,-0.3668221203844183,1.4987964913065577,-0.4654682481603553,0.17004591020081508
2017-01-29,0.9344026190621557,0.8218882724193878,0.9548319958254669,-0.24495944029829675,0.2684003755530757,0.8963813037182324,0.8181587506039355,0.9045410548504468,-0.2289019380552123,0.4275739252657158,1.0279335079978789,0.9613484787534045,1.0453986335855314,-0.03547277241473292,0.5835314594893485,1.0097318546328087,0.9570275743396369,1.0433746949790892,-0.25369375134669264,0.5738301100154475,-0.1652398115248076,0.2190233378023453,0.2665748074313599,0.20084344393368128,-0.11476944197786385
2017-02-05,0.8052004961703848,0.5527664957592675,1.0011737597261208,-1.1201098563813419,-0.5277359564539995,0.7241440158316054,0.6634530633372131,0.8763350451456373,-0.6168826848271185,-0.7690337173424419,0.8358307310710276,0.7152855375721169,0.9138499065089413,-0.3765555315255699,-0.5202848686250708,0.6875300703947552,0.5687651289885275,0.8055208261380933,-0.6492642017918306,-0.3455606290121332,-0.194316818351349,-0.7046122970033325,0.9852603518613914,-0.7609373690827396,-0.09644446340090528
2017-02-12,0.48648877706953286,0.6424760437208912,0.3379781783072061,0.6949460166955671,-1.5138738318588671,0.4945158539905695,0.6050838829489987,0.3104654901258454,0.7726582980602608,-1.5507897802487032,0.3540478871908187,0.4119280613052192,0.3755684819090283,0.1456903694456124,-1.3527647295623713,0.33530921024164095,0.6812124838820772,0.20961027834094434,1.0829657182518215,-1.757276406706225,1.728945546024719,1.486533381570921,2.7565389242205796,1.2583939404060962,-1.504782599185646
2017-02-19,-0.00238248582308342,-0.26213219383758585,0.2625856685453805,-1.0811787246170477,-0.21937193197216265,0.30083958545128364,0.2045987589926475,0.5927404879216135,-1.0475039081979456,-0.5189777830336635,-0.06565887872434968,-0.019580472691330796,0.032552925865054747,-0.11522287341327375,-0.7457662011026552,0.2662039862360559,0.23268474659783336,0.44309264822082106,-0.5690501029130322,-0.7048825016884155,0.964434702064354,0.6542567594202728,-0.6372113337563202,0.7300185762986942,-0.4271703705034759
2017-02-26,-0.018226805808364242,-0.3361261838829826,0.03180633767892336,-0.5132097273333825,-0.5708453933859446,0.061122745196824445,-0.14037099328795666,0.387798068788067,-1.0475039081979456,0.035922674909972925,-0.12285568725036769,-0.5344988742613925,0.2559207401228435,-1.323498106424437,0.12490444050254,-0.10432877231889379,-0.15733348610776696,0.1514973766183909,-0.5159444455626471,-0.7048168821443911,0.2822710157844696,-0.24489254432131938,1.8204564930289417,-0.4506755225681445,-0.6812667892960201
2017-03-05,-0.42987162003713175,-0.7666484652619848,0.03464101615137681,-1.2381742970686078,-0.461806191297405,-0.5243907419391535,-0.941723709873807,0.05869147014075166,-1.833088937766917,-0.026112784075045966,-0.3014900193499246,-0.3804035194240749,0.09310820471272407,-0.782953628024915,0.008325221906544392,-0.4308382472326632,-0.8424207511555625,-0.24988385799013535,-0.6990620736425551,0.4308466243813078,-0.7144418022802157,-0.5874678462072883,-0.8632812684767853,-0.49246775200571224,0.45024267151314823
2017-03-12,-0.2538598953546049,0.011275712394149507,-0.6665035860824239,1.0096535805580473,0.2802520774122517,-0.31069084184344264,-0.3512803140976372,0.10517826828095903,-0.6867016034994761,0.44183435434272134,-0.8446847401624685,-0.8458205906965786,-0.38481480177420757,-0.49597534390954345,0.05937911898104029,-0.8275724282235115,-0.5840501491129103,-0.7358844811449087,0.4301083694730166,0.3331696458681592,0.09228246885792897,0.254806261521244,0.7039369865518302,0.17591294437941468,0.10664042041050864
2017-03-19,-1.2310990537089503,-1.3985966825636387,-1.0291960864754315,-0.8416012612436083,-0.8553563504873563,-1.2934033404736256,-0.9440352396908153,-1.001441180733355,0.07947194142390464,-0.7840366173485649,-0.8863001121218198,-1.158530359778736,-0.3698286511021717,-1.464817454281156,-0.4553481361448783,-1.1078619255082196,-1.2013389245981068,-0.7506300734066365,-0.3191124497245616,-0.2599926144304414,-0.20420568036243086,-0.4225457746234758,-0.5489409182726788,-0.36422750851161023,-0.8495798332977538
2017-03-26,-1.0992755847552862,-0.8495964380094431,-0.7980836029442461,-0.3146254899650605,0.9577198230341596,-0.9281295017415229,-0.8777232131981088,-1.3814949485642185,0.7827675981574067,1.35190228296382,-0.7187424836369445,-1.0614580353338705,-0.23848442449464452,-1.4864517909388126,0.5072685375602763,-1.0493338347874368,-1.216708890298571,-0.8033598400581764,-0.3074194872349692,0.8252126864917717,-0.09526034608128792,-0.2101655892896644,-0.6431700720768212,-0.13617935963581268,0.2499371484841208
2017-04-02,-0.40926285517855,-0.23660727204035434,-0.4932519023460257,0.29006187780938025,1.2689787655202631,-0.31406805286610856,-0.48928643965474333,-0.04041913699350209,-0.7438182222966566,0.5833580252149048,-0.3161519529270905,-0.2558942423531133,0.05061489596250803,-0.4968472027264955,1.0150165261606017,-0.10788147044200176,-0.16030637105980539,-0.39700214452255267,0.37569037838267055,1.5040035797813749,0.768117411930599,-0.03543648831261015,2.4142086522095427,-0.47828801700931667,0.1479924166983189
2017-04-09,0.19744943705573226,-0.13985805600841267,0.1185582761061747,-0.32933934921555263,-0.856305421000985,-0.26619227794580624,-0.1187579659314053,-0.5078930017070178,0.38336966586044263,-0.9486629929811518,-0.2778269155365146,0.44318929117156336,-2.2302665308949927,2.2677854550843755,-2.1245820305027108,-0.9073962811376778,-0.5519630535056084,-1.932603419889387,1.3416700001289998,-1.4342743312012713,1.4551976746816733,1.707515271958419,0.8186555901125268,1.645242779436588,2.2205414889304227
2017-04-16,-2.3409470279933626,-1.8269798505649555,-2.2902003794784496,0.526942958744886,1.3651020386425587,-2.5586873245090715,-2.3955678632536914,-2.336834797721017,-0.1255684928134322,0.8194189169886434,-2.0492562839707222,-1.9924475676563855,-1.8981807703754903,0.039496742745881185,0.7842099014355354,-2.1253578464005587,-2.2452728168757785,-1.863594900554781,-0.28133433674570324,0.9462804538693749,0.11137672995922882,0.460981185224198,0.23712222577530923,0.43877804303956053,-0.6744035714661636
2017-04-23,-1.1382653283785031,-1.1244684190638785,-1.2766223781171802,0.20934389764679232,-0.8809491630671029,-1.3240844438271855,-1.1852176216482273,-1.4682408459819667,0.4628769074187265,-0.7505822670849623,-1.3026123485904193,-1.1606865843944927,-1.5474819933120783,0.6058196237707332,-0.5742593730192334,-1.3443302604679699,-0.9179059922519341,-1.0630855396240912,0.31516899386507724,-0.2351818674628571,0.2977719284703727,-0.5327425554668336,0.2802615149861744,-0.64586909166827,1.061200451789131
2017-04-30,-2.1703603676074983,-2.121875945381443,-2.451893154706625,1.0824527103954646,-1.574339312034986,-2.398471084361171,-2.258716022215095,-2.3730251999095295,0.7023861122819869,-1.0254141254851736,-2.3495145048994224,-2.067256969930785,-2.3709825232791917,1.2314545411644027,-1.4470935882463327,-2.585810826006424,-2.428635169098001,-2.5732038675248177,0.8056067691118484,-1.0067463014664337,-1.3424514291475158,-1.1513186961561255,-0.6024812203516019,-1.0959597370749028,-0.29006235082019505
2017-05-07,-2.6788543285746345,-2.582120392259088,-2.5363564937169607,0.16099045489057254,-0.646524778793399,-2.686429755701145,-2.623951864047773,-2.5543728838312907,0.2998370388696209,-0.6662671570073962,-2.7443255666533437,-2.7778559837092445,-2.335727691978069,-0.4158104244980111,-0.14886458551295925,-2.696627726375824,-2.6457878566906343,-2.500629267949544,-0.5632792493950249,-0.49841681597882065,-0.5519478023809792,-0.6189590234033268,-0.1953988276627523,-0.6169464231220673,-0.8846718063105917
2017-05-14,-2.3187304475158936,-2.3589174000139623,-2.21353072994496,-0.021563861647833294,-0.9656944509813434,-2.251013683255249,-2.273815224270366,-2.1272426107435165,0.044784400643692164,-0.6249149042520422,-2.262505726147589,-2.1743383696243677,-2.2993535794112776,1.0806572476460143,-1.2832614104391358,-2.21528506796933,-2.249651517423663,-2.136675637541868,-0.5583471795982268,-0.27584919317726564,0.3655679417770612,1.8420737855433686,-0.7778571730179136,2.0294586644840455,2.3457165530255475
2017-05-21,-1.7841253650480122,-1.9678879828611784,-1.611518340002407,-1.6637818604976906,0.5558843187362564,-1.7643957624565954,-1.8592573815264273,-1.6202471762605246,-1.1567998067482197,-3.523446493056495e-16,-1.687198508510418,-1.8530219804806918,-1.3224872527357086,-1.0461899628503677,0.3767441533069504,-1.6946527179890736,-1.8333562592814894,-1.5234502991950924,-1.90114040555372,0.38225417010114404,-1.0767652004336332,-0.3931819295527043,-1.1976690959470775,-0.08742883931614365,-1.1086360739963583
2017-05-28,-1.4839046635703064,-1.584754046892839,-1.2920671657709717,-1.574046239325708,-0.07315750818196753,-1.4159298793067854,-1.4440121348101513,-1.339023864677175,-0.7078924190548805,-0.3789442521160031,-1.3631019088588185,-1.538893409997089,-1.0537261146510397,-1.284690546173254,0.3855876974396783,-1.4268999573665766,-1.5575729985508726,-1.301349513052195,-1.7523483471660666,0.45727604626579527,-1.1838211663150993,-0.5302773059254577,-0.7661852722794849,-0.3525269039507935,-1.1094547391346963
2017-06-04,-1.1539553176975363,-1.173625040934539,-1.121117268077631,-0.7716882551476474,0.7747088552065693,-1.175757035184565,-1.202616842722927,-1.0910716452577054,-1.206754682386961,0.7890940789070021,-1.0834480185182191,-1.161497486024215,-0.9779912966406246,-0.6149611813117748,0.8484218485660244,-1.074553066202681,-1.0894301331109066,-1.0541657547098502,-0.8200656210534398,0.8621857187371255,-1.64558862105586,-1.1711937050779702,-0.5315738305633539,-1.088207825264471,-0.1599302029272416
2017-06-11,-0.8391382086647515,-0.7440340553496575,-0.9421825685604603,0.6453456189187283,-0.537821791431026,-0.8381255228285795,-0.8202339176839842,-0.8532510891950138,-0.1876884755355793,-0.4591821595899923,-0.8205004699342685,-0.8189899148594042,-0.7610044340754277,-0.2801042794678054,-0.0917821161007084,-0.8145459608241487,-0.800914524869659,-0.8650392196292049,-0.26000015982565094,-0.3723185438438623,-1.597777724567803,-1.5298496079962236,-0.6089187232314599,-1.468969436519714,-0.1744136704326926
2017-06-18,-0.8450439215918004,-0.7374923260185197,-0.8991631584176789,0.4602874780760341,-0.3528733380087801,-0.9062389177005964,-0.8352160665539343,-0.9640078652503897,0.4900754638984752,-0.1425125063847447,-0.924839456989919,-0.9321423970008356,-0.807577033082679,-0.572977907235892,-0.11397980410687879,-0.9775936827984282,-0.8713298378194724,-1.0233492282413834,-0.025401305740049125,-0.7613124569386582,-1.2065542873528907,-0.9304483362840744,-0.771809118461065,-0.8107275620160013,0.34705896427722405
2017-06-25,-0.43381583369974036,-0.08597309235776812,-0.6713975895103622,1.979564995561751,1.2204191142438707,-0.401431544497373,-0.1804843850639913,-0.770133096652796,2.6088605033747707,1.7542101177336369,-0.3709875830931453,-0.31819246123518485,-0.5068881009272346,0.25177338154103857,1.1546416356047908,-0.35275205299181217,-0.218132272773757,-0.6025044237704003,1.0502242190203641,1.151577034336732,-1.1042622395692139,-1.0619535629291104,-0.5260700010184278,-1.0171294822980437,-0.2794299285579538
2017-07-02,-0.1428585692601676,-0.23897745234617687,-0.038058197422512485,-0.6530748934973474,-0.28642069317260554,-0.2515982748712134,-0.33779763938184176,-0.20824350283547385,-0.5874077998483519,-0.4137981242038712,-0.029142521643957517,-0.12828662635646243,0.01307789691350508,-0.31256624078328743,-0.28307116394341325,-0.11137047860220466,-0.1958897268390523,0.03758430597203482,-0.7211926855778271,-0.3048971867298661,-0.8578483580333911,-0.7695785809191434,-0.5814488839308986,-0.7403262527298948,-0.5722184657326942
2017-07-09,-0.4753328300751503,-0.4895177989819311,-0.42774836833802593,-0.34712989834543195,-0.3957541178773097,-0.4647790026423984,-0.41603477771505826,-0.48944077650673184,0.12125620383252372,0.37442720707932664,-0.5164612033157376,-0.49498260191886534,-0.4852114604585865,-0.22841905028190276,-0.20605913587498245,-0.5690550433654973,-0.6829863732426753,-0.5527834603670208,-0.704776598628037,0.21088655648971316,-0.6675540045774689,-0.8464511210111393,-0.42953928392894136,-0.818264168084516,-0.004808683566027097
2017-07-16,-0.5268562165644837,-0.5227196300549916,-0.37862865737356466,-0.49421883832231933,0.8431987796926315,-0.554420471176323,-0.6646220148921141,-0.33457117003769327,-1.0401428154205075,1.005979126522264,-0.6381744021709347,-0.8862038113882151,-0.32232240365895265,-1.2355289793817092,0.4115119398128199,-0.5793051945271244,-0.7447386115876189,-0.3632645624141874,-1.2269471071993454,0.18719198679134047,-0.7780389718786094,-0.532060397838893,-1.1131532553189678,-0.4140332780957342,0.5458546775575482
2017-07-23,-0.9752575094964092,-1.118970042475051,-0.8613769402842532,-0.9608021691555255,0.30999535193453026,-0.7091177047043336,-0.5967790451147121,-0.7966727657624999,0.02917455017863055,0.8634745134015964,-0.992946583613401,-0.9843314837825472,-0.7105824984239373,-0.7075502226626641,0.0841020951868179,-1.1190492451742255,-1.1169250294237467,-1.2930045544120201,-0.5159627705703416,-0.15685418346276325,0.7960891054067286,0.5403987349666767,2.615860006041146,0.23095618449836297,0.08618863039466484
2017-07-30,-1.435050091889467,-0.6706458075343419,-1.78381924880705,0.5404354507799287,0.6257470422499155,-1.1002411672361876,-0.6583929466296162,-1.7461657669750361,0.6195593353282494,0.416518829702598,-1.6440970918214304,-1.5054732282867371,-1.3059458279325766,-0.38338853815756124,1.2044643857342539,-1.1151228081266105,-0.005954086442727423,-1.755437177152029,1.6882275516387786,0.2869852714484967,0.3832538730365458,0.40903179069328854,0.5586467863860439,0.3478195944104368,-0.3734424826264249
2017-08-06,-1.1275025298989678,-1.237841191412462,-0.9947999916435757,-0.758236303734956,0.3397565949625182,-1.2494502308561632,-1.4350548501025495,-0.8517753270459401,-0.9547266244014639,0.5968863465857299,-1.195680178973011,-1.3213513586968393,-0.6744583689271145,-0.8436471333605305,0.21736463426202146,-1.164035117326539,-1.125566954620119,-0.8561815807788286,-0.5220380070088456,1.101810483428589,0.4348505407842202,0.8003287425641914,-0.056013624170298836,0.8163602045391253,1.2225871657693026
2017-08-13,-0.07639431725078598,0.14868317061915662,0.07491637271757631,0.12727467517063365,0.14438008547200698,-0.06376557520477702,-0.26753041587367193,0.4570576402913971,-0.6094904307841255,-0.22502168687750027,-0.2962874664800703,-0.32844667215807105,-0.44376015698017995,-0.10139504996420766,-0.24467172577489557,-0.0041448250547293595,-0.42316766714915655,0.36731622073587455,-0.8481817369363638,-0.054097143447354605,0.6251705029772675,0.8093495139090875,-0.20770430661511435,0.8756407814992011,-0.38319908910819145
2017-08-20,0.31592861574387177,0.12914307390380209,0.5505258608821403,-0.2675095928672125,-0.1648818883425137,0.4723955727238204,0.07484638620100284,0.8559407104284571,-0.558693769719782,-0.9842575989081038,0.5129725191475203,0.6633183132928107,0.997749546732129,0.07541243489392793,0.07599199593128611,0.7359353789891184,0.6075389286841136,0.8532914212498858,-0.10691354803048225,-0.7901031722631412,-1.8297368675746868,-1.5293520473890239,-1.4281445736160128,-1.397957196666274,-0.15009489341211424
2017-08-27,1.4488282017290537,1.3522756550457846,1.5153825569240604,0.4471026340872928,1.161532422272027,1.9213612414470016,1.6719481068146445,1.8153624564896838,0.3896573163890268,1.611182349370237,1.4385340679182048,1.325501645418014,1.5328326077724042,0.6940552288836864,1.614097529378916,1.6801700467466323,1.5934320714764194,1.8582750291630659,-0.11482656000883942,1.100497923309706,2.051247122175116,2.0089098101998037,-0.3640723051370026,2.1596211634175013,-2.54157473527723
2017-09-03,1.4245383890237673,1.1971646062207923,1.7728105208558333,-0.23575538611165572,-1.2855036172458336,1.7938176463511526,1.2130993297928874,2.2420972589353774,-1.1409486584655273,-0.4885918652382303,1.263676018956962,0.8207937601896607,1.928805955823042,-1.2678346847663091,0.41635890185330476,1.1000096096666647,0.7410586531326362,1.3757146153917283,-0.8407201318249234,0.5986808618260271,0.1282813534216048,-0.49448401583377977,-0.5104367633548978,-0.44544199840838344,0.42295100862683627
2017-09-10,1.5688172024371687,1.02128877956868,1.5661106929916262,-0.4321003280596025,-0.512219434792298,1.8443965666874094,2.000811683779622,1.855658600552556,0.4508348173337172,1.4569684278269186,1.4903953096993519,1.3341727697651231,1.8258544011634705,-0.4357582901180772,-0.26380529560859467,1.844317521568533,2.131968731354575,1.7872509396634528,0.9917698281084439,1.7335734644213943,-0.6240606611013712,-0.535749068049408,-0.6091059225129175,-0.4731001319708783,0.26821029897578696
2017-09-17,1.5200351362134434,1.2638509551181587,1.7715338268567147,-0.5276526355225407,-1.1928779547970325,1.1974654171531975,1.1462592493867636,1.3335945350484444,-0.13941768338956528,-1.3343789828960182,1.5684546516444628,1.2700913923545634,1.9065566348022567,-1.137751411107306,-0.12640755877119678,1.3370613552945356,0.9416282601482785,1.5506015995508422,-0.9041231620183688,-0.06517745693410101,-0.8000842658639951,-0.2066535628785289,-0.930377068780864,-0.06859907887334514,-0.8348800320082765
2017-09-24,1.759893353902938,1.7253395671227942,1.4946277647830783,1.2400039020682834,1.4838239744935535,1.8888600498538775,1.8452897247772528,1.6468128492932184,1.0522481205619292,1.5492027425515158,1.7155507222240938,1.8805099597083086,1.5844565038890894,1.3147632968728908,1.3876251361817633,1.9332311606326615,1.8981718089828072,1.2224999843491358,1.8768466898506333,2.1230837372194626,-1.0047883596807021,-0.6068593484197263,-0.8322204392228676,-0.508329230683585,-0.6185186538907703
2017-10-01,2.1383312972540685,1.8665760798157762,2.2796532235748908,-1.639783183499852,0.1818335167131437,1.9596972914000155,1.6766677750215635,2.1632077662183216,-1.6127149336727744,-0.5909097949971722,2.11405991332158,2.004526528429679,2.2407228254574605,-0.9772051728144522,-0.17417127618661063,1.9487192600349477,1.6858255309333812,2.097622302298335,-0.6743362388333384,-0.588480494466371,0.5673808935893945,0.9242837200349868,-0.2894340452581389,1.0319924644972032,0.3434534523481497
2017-10-08,1.5235033647143605,1.2848653269701944,1.6976911541317294,-1.8280219781213474,-0.2585906087961805,1.3524930039262713,1.205533311157163,1.5223506811033842,-1.2508582218656117,-0.6350638201365895,1.5373095213318895,1.458097488873577,1.6341195673967486,-0.9828114225191358,-0.5711671808663789,1.3776928024421133,1.2596886140076757,1.5386260127328943,-0.6290414421446354,-0.9105050428607883,-0.7885949266599868,-0.8831027533930892,0.07382632434189226,-0.9541959530885301,0.2948572974416764
2017-10-15,1.1372708986112872,0.967481963950569,1.3000769669366892,-1.50251959949944,0.23457805730235431,1.0056181192311333,0.897406101533424,1.0747698945046227,-0.8579795178769497,0.05164020297342837,1.1186970237900755,1.1505991316863096,0.9636377525146064,0.777926002156949,-1.2285214018970316,0.9658957448873156,0.808090799549442,0.8608236791571321,-0.15776454208482033,-1.1745042818277585,-1.2288002229676018,-1.3274343511729427,-0.37825993653958756,-1.3485505790318542,0.18521645857760966
2017-10-22,0.9127683035201662,0.8393404851405919,1.0841521706781307,-1.2684394141960587,0.03556939957652872,0.7759789170027936,0.6217211624220226,0.8618117088845999,-0.9394930945292254,-0.6112386162068264,0.9619707051005884,0.841618849242294,1.0541302747812968,-1.1490672962685404,-0.368379404309876,0.8263215414657098,0.5857997674528683,0.990310463607809,-1.0655272056678795,-0.5554186683931086,-0.8945856658518437,-1.1228485607657428,0.18776709365837052,-1.1767055463382385,0.038682181947590925
2017-10-29,0.6453008640765852,0.5210520697186204,0.7342230982143528,-0.9181702836487673,-0.5211738080671201,0.6130671432364209,0.42908553118185866,0.7853475081702307,-1.1317313847301567,-0.022638467266916627,0.684367921982686,0.656603983879135,0.8011927448021516,-0.7398954355004768,-0.06525884661473946,0.6653048210438718,0.5162953649654891,0.7389583455496076,-0.5132847765901557,-0.028364435267411326,-0.4676882124578527,-0.5180031471649448,-0.06232586160289861,-0.5280112519959304,-0.43406314863329726
2017-11-05,0.024058999706351464,0.2516305473130705,0.04587526341049311,0.3604032889088652,-1.423890258740563,-0.11019411454100521,-0.008645757529274435,-0.12103612599712354,0.28391944182098705,-0.6675790299975126,-0.1106752460019854,0.29793372544747765,-0.22641433765795504,1.5546398118396452,-1.2580331147624648,-0.1005512194004213,-0.0075950705760461515,-0.24326510946040342,0.48447262597565016,-0.6590345758895155,1.651104303893834,1.615480325024965,1.8700904258578377,1.5577730726369647,0.58803166937615
2017-11-12,-0.9959093172857835,-0.7780731558733301,-1.1177373886680717,1.343318789331895,-1.6122068953765305,-1.3362639592178376,-1.0651864010250216,-1.3782925714784282,1.1931106505520497,-1.3781314002780134,-1.2679844683855064,-0.989704374179612,-1.247635101055964,1.136895104383504,-1.5029171007134643,-1.5080148888877583,-1.2298965767690488,-1.5952234738761628,0.9544925587500517,-1.1759325600841957,0.5686721597858125,0.6734539124635444,2.025733634969322,0.556365194672607,0.3908572492128714
2017-11-19,-1.440770473358358,-1.9317793435914816,-1.1923600434539172,-0.19462942912910317,1.2511746486320525,-1.4660714634900442,-1.5187854572571164,-1.4633211189218165,0.8543628545869186,0.504277851803091,-1.1587195744191683,-1.164222720636895,-1.024550666204257,0.15503080231084973,0.8058761019683204,-1.230509439483735,-1.5316459851723667,-1.0736576826833077,-0.6325551649887454,0.34222501546575146,1.7919359153624317,1.0695254386437965,-0.006409762580461424,1.0961347377216815,0.2615020678717262
2017-11-26,-0.9895807157415201,-1.124021866612266,-0.7663377575058852,-0.0802638842981673,0.1302170343793564,-1.1261613745984376,-1.2062267831727478,-0.9971479475504224,0.26997644558263034,0.0866124051308006,-1.0666139603690958,-1.2730026371872574,-1.027169314239268,-0.24749722050580072,-0.2754386921793937,-0.9671248399793987,-1.1857643108871623,-0.6847348037763957,-0.8258010218195182,-0.014000360902841897,1.638844359889023,1.3677651680290694,2.7101582405777087,1.1410027125099997,0.9204637069094807
2017-12-03,-1.0405834391745117,-1.11477282286659,-1.20748163635642,0.9460510069850316,-0.5565354376204507,-1.207689964425272,-1.4672147208948814,-1.3865624063415833,0.8336421826072836,-1.2521195952607624,-1.1037865628102368,-1.1801402713417068,-1.2001395757897686,0.5849541040743534,-1.153323236402074,-1.23015383078767,-0.9531582914300012,-1.4425838385342171,1.0618766890326952,-1.4177785456781637,0.4713041077281411,-0.06302922493955167,2.0107868833583025,-0.357056192128457,0.39002311380132937
2017-12-10,-2.0813666783276052,-2.120605192004495,-2.0982900935319724,1.4935724283382592,-1.4775725736140732,-2.0843614583077565,-2.243456553893408,-1.9084392754885915,0.5670142152245602,-1.1217527869912352,-2.013310610042824,-1.8085766672832964,-2.1476628017344437,2.1381563489479056,-2.186848818078393,-2.1337462519304213,-1.8987083647743834,-2.2714245245463407,1.778093218777546,-1.7806155585347472,1.8757689318697868,2.3578297888648385,1.187604240080556,2.3553330658360894,3.095058200427745
2017-12-17,-1.8904545380440299,-2.0805545902761375,-1.7452802650005017,0.3340723955625226,1.556285095874219,-1.6428310429603743,-1.5962525736702617,-1.5664633730265212,1.0740206346518546,1.7243772364201468,-1.695584187631236,-1.8683610363961476,-1.582488186398262,0.27570933228083006,1.6219828091161892,-1.5305284931754284,-1.4349549283688527,-1.532854203433642,1.0746306360412623,1.6690056791855317,0.07055499017297873,-0.5398550939775406,1.9697626807078426,-0.8018172092797801,-0.6432507731209296
2017-12-24,-0.9462183122798763,-1.1798938976042443,-0.712474324408404,-0.7775872619789075,0.8459681061881367,-0.9664741677078288,-1.0395917454388313,-0.8155724192496471,0.11591993770463714,1.2755215652673006,-0.7995281370037666,-1.0607732597526423,-0.5691056175864665,-0.9727183700604803,0.8475636461451888,-0.7166752152811642,-0.8424654789616389,-0.5001995076196873,-0.3220916023349993,1.075363258725238,-0.21480743856555498,-0.6113708406951962,-0.47688530413786856,-0.5731464436373509,0.40119988187702404
2017-12-31,-0.7405152127913459,-0.8803970834178235,-0.65834728281525,-0.1609726388346916,-0.5899614347578398,-0.8874521108917867,-1.0776745456696175,-0.6968634938759456,-0.48563411678184754,-0.34887534355788974,-0.8997954169113045,-0.9948991006190349,-0.8364841315258985,0.025610641668218134,0.18959099686636832,-0.8739279101156564,-1.2730649139051782,-0.6554165186482082,-0.785948354095344,0.7292760709403016,-0.7980260238583203,-0.451580764879801,-1.23292138474026,-0.3182490904662212,-0.40780271024030534
