Date,ORN_stock_Open_average,ORN_stock_Open_max,ORN_stock_Open_min,ORN_stock_Open_volatility,ORN_stock_Open_change,ORN_stock_High_average,ORN_stock_High_max,ORN_stock_High_min,ORN_stock_High_volatility,ORN_stock_High_change,ORN_stock_Low_average,ORN_stock_Low_max,ORN_stock_Low_min,ORN_stock_Low_volatility,ORN_stock_Low_change,ORN_stock_Close_average,ORN_stock_Close_max,ORN_stock_Close_min,ORN_stock_Close_volatility,ORN_stock_Close_change,ORN_stock_Volume_average,ORN_stock_Volume_max,ORN_stock_Volume_min,ORN_stock_Volume_volatility,ORN_stock_Volume_change
2016-03-27,1.9131710950512761,1.7304691056901031,2.13415594892546,-0.3342804272391339,0.3010805805040887,1.908736873701106,1.6257637470712258,2.077794769657834,-0.3617409424355005,0.49150282587559224,1.9219209300055027,1.76417552959826,2.0146596201691285,0.6168494656631732,0.46086080641521326,1.9436511033087307,1.6614092143616324,2.1886407549777442,-0.383899647553483,0.3655826002169825,-0.2566146173367872,-0.34044038363523943,-0.2939710341751345,-0.29360825389222067,0.27307174486540625
2016-04-03,1.7554793677187774,1.7279567864513743,1.8354288096703544,0.5356604180473005,0.4499679030942286,1.7316544546851305,1.6070145102462947,1.8205593917397678,0.009726981836953892,0.39726824876245403,1.7678189667650595,1.683169505483873,1.8347346330751826,0.7725891960728691,0.6300217301540713,1.7433491935298495,1.5927458078507408,1.843325767256335,0.0267831288958966,0.661236463089022,2.5552896607411126,3.1318575498919126,-0.2727714886416993,3.157285666481754,0.674238581106631
2016-04-10,1.5111926777008395,1.4586108090865322,1.5695026822087115,0.4132329526844378,-1.2317432453977895,1.515189482775901,1.3469647948289023,1.6178628990464359,-0.49065771584762746,-0.5768544770469898,1.4966295984139293,1.3009109444306728,1.618796537985693,-0.6190679709899544,-0.1599211197209618,1.432253062477082,1.3583587837750464,1.4752075995192617,0.20997293972473266,0.7252270885492513,-0.04657588689794964,-0.03329772366855549,-0.037824514170541605,-0.03154961007688967,-0.9030284294135273
2016-04-17,1.5365708047081594,1.468328971856532,1.6590769227584874,-0.20009587135998416,-0.21662560144010262,1.5459819644141901,1.4487110873250082,1.5593967915497882,-0.15906755875987175,0.05075859514089105,1.5990741076176513,1.4464821048816836,1.6633507206130762,-0.38306543884144056,0.0693846768794214,1.558302174087011,1.4636401771250707,1.6697386758668804,-0.39944039952372795,-0.023719869699711325,-0.8043176521536709,-0.5125489299951417,-1.832704861733389,-0.4404985642148227,-0.5762687574915685
2016-04-24,1.423926714455327,1.3091368908760057,1.431652317569641,-0.16312599903276603,-0.6124186096868892,1.3531153990871028,1.234486132202553,1.4292791231164554,-0.7807053472135436,-0.5535164589994126,1.3896517117085996,1.333080643557161,1.3811398942091675,0.36121057899269154,0.11785113019775874,1.376605132629124,1.2522556093122514,1.4485089961230335,-0.6093569212059701,-0.10964736710451867,-0.2936161066680528,-0.295851521169891,-1.3729949142257145,-0.2439712861525679,0.04233860710245471
2016-05-01,0.7377852837261023,1.0575961784461878,0.26242578575470715,2.70794930849089,-2.4546241997901297,0.7249950485398456,1.0151962746445604,0.4424113427419696,1.9257893258102432,-2.2123481806694008,0.6060882428037362,0.9398537053612237,0.2606315417471455,2.6209419756346954,-2.5729878130934947,0.6420348052281016,0.738588694039245,0.2376197658386009,1.8127400156175923,-1.4493745198725667,0.2798379101684056,-0.0486694097262641,1.6624980245199996,-0.1243730417027553,0.4806712578683208
2016-05-08,0.3699222170815162,0.430166116641441,0.41045512247054844,0.19462736900419902,0.08467294269971622,0.46059552026932465,0.3640092817511575,0.5246802245570832,-0.4916110827335054,-0.006740767468931474,0.4098028274579363,0.556806027938169,0.2694809639397246,1.0683915625638851,0.09588531304500357,0.43674641087246396,0.3752601953591285,0.47011608373585057,-0.25700534629616706,-0.362980765498881,-0.36837394922044703,-0.3423903907279923,-1.9382382988745939,-0.2386413223868995,-1.2279490555435537
2016-05-15,0.1069688116271861,-0.03191799894268744,0.24911977813870495,-0.7469727286740449,-0.3387912057870957,0.12046495889123802,0.025399702974553153,0.2325407453731285,-0.5894711589840473,-0.6830939583720996,0.11505459640149236,-0.12908761023964607,0.30216800168600433,-1.169187501130993,-0.12946225433330216,0.03840408107967573,-0.16953773113792,0.15146499360480686,-0.9064416702004352,-0.2789664098171063,-0.13536692979377946,-0.21809900432284013,-0.9577173498026195,-0.16436827989484293,-1.4437386436088497
2016-05-22,-0.29053461771541483,-0.3798257519735305,-0.16406651045328158,-0.5218941964237268,-0.3012952996884897,-0.385654360297988,-0.5260223326070205,-0.2658853567967403,-0.48890895053095423,-0.3972226878743632,-0.24327580756889522,-0.4947198822285322,-0.14446170446481518,-0.8505647299675977,-0.1390156982298082,-0.383065026725366,-0.5360606843605671,-0.2428685675759671,-0.6738445699201345,-0.21200423734355006,-0.512581526434545,-0.23162978034073747,-1.4464218562350846,-0.13930044908120295,-1.251534036251293
2016-05-29,-0.451372827703462,-0.7143141059089123,-0.4502922526144605,-0.39453872192860345,0.3639733256395137,-0.5437660730544369,-1.060566885840882,-0.18904657619238407,-1.1432758933960945,-0.099439561636258,-0.5820339562372225,-0.8404516810230753,-0.38920989133123174,-0.7682346028220702,0.29831844843960514,-0.5944510784868539,-0.8254850428220863,-0.44640334520456654,-0.49177896082572575,-0.28969511589591507,-0.41544007028127933,-0.31174665695596104,0.07587815408155502,-0.3202265602708481,-1.136386429846804
2016-06-05,-0.4183427801853361,-0.48843046177586236,-0.47225258923438973,-0.009503097194521509,0.9622841108818706,-0.5357933234297323,-0.7384505126649251,-0.32902575352263563,-0.49843726609510924,0.04671087087645258,-0.2676053963300939,-0.5694765744926763,-0.1572952786275099,-0.5652242056104669,0.26371115092767794,-0.36071254292766636,-0.47851280771318583,-0.08946447171591457,-0.5108619952767264,-0.5754235619113626,-1.2725789199787654,-0.45128998005320714,-1.9599785052307939,-0.30005594930325125,-1.5233216911476712
2016-06-12,-0.36182266947878566,-0.20766305875876723,-0.21841254597697268,0.012715382136190128,1.2473079375269938,-0.20482437373281168,0.27100854632864024,-0.7037832316845359,1.354490821606196,1.9781705935893572,-0.23967927693184973,-0.11438929949802576,-0.03309516961607699,-0.11001412911634374,0.9453897668774754,-0.20941430907077524,-0.16965144192741136,-0.33563233008333915,0.3249601496917565,0.9809271474373876,-0.7997558675117092,-0.46148274851772836,-1.6580196693473697,-0.31727787428627846,1.1969136620514964
2016-06-19,0.09182775512965147,-0.2051748411459291,0.24171686371509812,-0.5895338324721899,-0.25907837032238124,0.001923591799401416,-0.09008335787521236,0.17004417909972586,-0.3584885719585739,-0.5708041361921141,0.20995283469069775,0.0,0.1615659293053852,-0.19963989271354918,-0.9671697001101153,0.13953010122826276,0.21715332760202338,0.05124917961875427,0.30929227109748775,-1.7360703967332374,-0.9615094557227076,-0.25301224644237935,-1.4891925219904314,-0.11810927204924875,1.7847204155320624
2016-06-26,-0.4173438461738181,-0.4027183147890146,-0.041503987886485724,-0.4860505229103055,0.9255693756267604,-0.5257057067105171,-0.2597766158554739,-0.5917935481099967,0.4263871474416085,1.2302695725584982,-0.3176915321779117,0.011947940109353638,-0.2788315231560675,0.35858348869656453,1.1765994095041243,-0.2139764397322135,0.04256984878099042,-0.25101203416599843,0.5582868726965544,1.269105982677596,-0.6951540415341463,-0.5928484504197086,-0.21718054533111988,-0.5933945846513997,-0.6950668199653259
2016-07-03,0.7978092584740533,0.4920846966932866,0.9282276230793094,-0.5923275314868102,0.8085609406709728,0.7331962138337493,0.8765120512051845,0.7470476033713022,0.27075655061934556,1.0572169128036626,0.9640857268107822,0.9104256325116463,1.089937283119974,-0.15377087492470454,0.797623777805878,1.0306685777544506,0.9742554839677863,1.0947098472100598,-0.2915444435002926,0.8814348365957068,-1.3566051715417538,-1.8464707639416997,-0.14316539403887832,-2.0307754720494096,-0.019979278632140444
2016-07-10,1.6292914061292705,1.5879438007868363,1.6247925022842755,-0.09500102808381715,-0.156342767773528,1.6025537318906322,1.738413148638731,1.3971789323596102,0.9227638867836606,-0.5113317463232044,1.6032930859853036,1.3402536377634273,1.6296341343138776,-0.35502657314176933,-0.6051233216681955,1.3759411710845717,1.44837905613317,1.1976771378638054,0.5374348428650254,-1.3710593354033573,0.5989441422140898,1.4247117203710875,-0.608333961363455,1.6878826417544168,0.37293895606257355
2016-07-17,0.2724567373380714,0.07671575961799086,0.4414236318106929,-0.5026706330220837,-0.45729249832146657,0.19162842337244917,0.09597579900700362,0.45917744848521136,-0.4485095212614393,-0.7124633726638225,0.4527489777771894,0.4153479334813626,0.7481261893544909,-0.41325730673583555,-0.6474866463238921,0.21273148174275355,0.15283420273106066,0.4434137227757005,-0.5361390299808166,-0.7698247841471262,-1.4154039872920134,-1.4056468612525996,-1.256923306413946,-1.0469875027793665,-0.7924332903040759
2016-07-24,1.2387012264124933,1.0307671152337867,1.0985574491770234,2.0667712560558935e-15,1.007276422660419,1.0881555982967661,0.7356363054181272,0.8354994981510756,0.24647394739419126,0.9806167845780323,1.3015068690268712,1.0117444699885192,1.205857974297944,-0.1474527734486428,0.8332067398820324,1.3201806592440568,0.9745569042448288,1.145232021294124,-0.08505525526934511,0.9977266635190245,-1.108323671405301,-1.4698502317112998,-0.48005007066705757,-1.452060339407268,0.4933330206513683
2016-07-31,1.4132093298629373,1.0759485978621337,1.5975222526745103,-1.9496357294545565,0.0974525603068625,1.4164603089866725,1.4158726693426316,1.690929731249895,0.3039034936351465,0.9235239692453547,1.4846557964749465,1.1030720531677,1.7312114330212747,-1.416469716806826,-0.22913453575713139,1.322386007658007,1.0980585307979662,1.6465856020805856,-1.477185157157895,-0.5922252011990726,0.7818807753436231,2.0001854186194326,-0.6311845206830894,2.1202968662311297,2.418869330790285
2016-08-07,2.0052604959204032,2.151743157253389,1.3749016472695665,2.647585454308148,1.9946410678342423,2.0902669640650897,1.9466294009005771,2.069927254123235,0.8786821897868218,1.1342234313143784,2.06329105926804,2.2139966416798895,1.5774379247736166,2.567413670842265,1.9389374483921706,2.2021579975258123,2.147210935001178,2.142376359317096,0.7611336003660054,1.2594275484229047,0.9403963837040981,0.36045813790753317,2.0240773392177496,-0.14340759320066293,0.1009734209115142
2016-08-14,2.1279676970162713,2.0102076699518148,2.2948771020227396,-0.8360796171499442,-1.0907404320308756,2.0075480199158426,1.6720904296802375,2.209284030926823,-1.1219363880101478,-0.723421459175034,2.084973327389039,1.82430708526174,2.3277763776825817,-1.4865438037653387,-0.5977653473850906,1.9623812973918904,1.8713242452898813,2.1149597800261866,-1.4335273449057595,-0.6330100526494826,0.07131119143996024,-0.24678031227938876,0.0840280921282745,-0.2654514676864714,-0.06837465443066752
2016-08-21,1.2253498821341169,1.260558218515728,1.0718301972119313,0.7344116506309731,-1.6721503494787977,1.2361268191637331,1.1407907807984259,1.3538595055836433,-0.45344929015409846,-1.2995392457570285,1.1252577769889753,1.1508145283259685,1.134113009359516,-0.00480540662517577,-0.9511508707238577,1.0723514887792112,0.924969596913927,1.0344512792140108,-0.8195912115515124,-0.6335795092704104,-0.5022823741899638,-0.10516349504739843,-0.618638573025341,0.05157866078192414,-0.18655293225640696
2016-08-28,0.9746024797697018,0.8050510195878932,1.1946877803455573,-1.1386658084948933,-0.016235699321549293,0.8726238853388356,0.6049331627849338,1.1058031364096192,-1.6019230714000756,-0.2987041854575727,1.0143824128526446,0.9428486346126983,1.094210689103637,-0.6163002511983877,0.07606684418505306,0.9530555470212223,0.7025759407171537,1.0469601490730995,-1.747214619717719,-0.15971510060872357,-0.9156477959093454,-1.1424101807031297,0.2932371171554259,-1.1713280905918622,-0.2859945397443126
2016-09-04,1.2596449400377059,1.220580471885815,1.213885733246764,0.12013848937295271,0.7200541260795166,1.2701786675533113,1.2106712538771567,1.163670846100217,-0.2867377986368281,0.08920515501750714,1.1324990002379542,1.356562508616946,0.9820348293057262,0.8705834271506606,-0.6520875954216901,1.2348707372007004,1.4320678054592266,0.8432407524404617,1.734305122366863,-1.2117366280356978,-1.1943621295612048,-1.202903100536093,0.06663072779843415,-1.1870956439659013,-0.38864467072476827
2016-09-11,0.37127266478274373,0.3225172873197021,0.5533242755750367,-0.5630973420794224,0.21405104203779113,0.3401557522103382,0.0981103397408966,0.3544251794124833,-0.8202078712947589,-0.4592024402245338,0.3906912563088286,0.20413617779010673,0.5630711113513668,-0.9227961694457077,-0.3179977536722611,0.31620851755466706,0.2354005433385824,0.4434312822848563,-0.7093062494437179,-0.634546968999245,-0.9681328867209661,-0.7382005758755321,-0.8194912517240327,-0.5769237673260262,-0.019066983673901465
2016-09-18,0.6694385330307089,1.1718053776249513,0.5620802767380899,1.5941365527480882,1.27170187289198,0.8238189296661711,1.196298693284455,0.6104641319474378,1.417707851383403,1.372111289042519,0.7348540054002833,1.2639362625953152,0.6534771063241743,1.290510251371516,1.3362566690051831,0.8555653115867697,1.2575931717264577,0.45192250021797364,1.9893663857717678,1.450101654344203,-0.8055991410884575,-0.5212674482124399,-0.9692772838242143,-0.3413420378576362,0.01553837448767131
2016-09-25,1.5842252284919358,1.3658327831510435,1.802523254189145,-0.8696199296324942,0.11908067347257675,1.6449840951009547,1.7016775805745028,1.7341803751626879,-0.32662295558188714,0.47133808027474433,1.7869273403332753,1.5545991216586184,1.911237109392399,-0.7729624972329215,0.18886453668040826,1.7182524041550966,1.7364914340929665,1.889917597500108,-0.13325928711676333,0.9867087625617558,0.3547157866069385,0.5314886422364102,-0.028991498852628417,0.5425249573024532,0.28245577189042015
2016-10-02,1.9615594291019718,2.016688919829148,1.9066669939814427,0.4016051708914026,0.624427464022696,1.993609878790863,2.2014642926334536,1.830523952718429,1.396004985042044,1.3765240291454237,1.9435613506857607,2.046008994332072,1.8763369783631896,0.611530981654177,1.0064793603152966,1.919322706700599,2.1699935649789888,1.7749495308050283,1.8226356731750646,1.804513103854283,1.2622207931113703,0.9797407419923482,0.37368853804532864,0.9386381657824391,1.3889152364994055
2016-10-09,2.1055627107869603,2.013861874404424,2.047403701616976,0.01728451812747976,-1.194878290902246,2.0240724840859654,1.8883195307253178,2.0979432104064584,-0.5798767825819299,-1.2739887390629845,2.058568300895581,2.0252970005660353,1.9909260733727334,0.40754922814342065,-1.2727985567941575,2.024587088443033,1.8291457614044526,2.0595288373008316,0.037680879320093764,-0.9299731310367428,0.4316964469466292,0.8182459658554923,-0.16408756641697184,0.8710507948851333,-1.8842971292322923
2016-10-16,2.1589416429635113,2.164763127365369,1.9069929813172717,1.3269000135275208,1.169999876411939,2.286483353660506,2.193849415484961,2.2176718649342555,-0.08749162382851051,0.3937894143626342,2.160128677332926,2.1438499837531584,1.9750079412470092,1.1892165349720574,1.3044365756633707,2.2996132246569227,2.177827612372762,2.280740672362662,0.402710167411,0.786208321650685,2.5307684009329545,1.9135697045097388,2.7707349478328682,1.356145489359092,-1.567928923483454
2016-10-23,2.0544197142406597,2.0137486313702264,2.2382799871945838,-0.6699694668428416,-0.7979286977489096,1.9885363107894631,1.9743538892030903,2.016947172669488,-0.09441028352610788,-1.116215740999915,2.052966028031412,1.959375839368215,2.1813307417386296,-0.38264412744961596,-0.9303256709872476,1.9548195097279408,1.819504679255989,2.0832196565536405,-0.7674279155891504,-0.6348753221350094,1.1013473403873464,0.768651352936039,1.6673499798896965,0.30733996378301415,-1.2829566513061375
2016-10-30,1.3832635539828477,1.5151635932880214,1.2400622290093983,1.2133481054668331,-1.4533345179646302,1.3991905952931778,1.4193009731085628,1.1826105393250843,1.4802156939704825,-0.956458865842372,1.209010548760349,1.3412299721028362,0.6659648298415165,2.193606983254699,-1.2382113815341607,1.4166332514027118,1.3923922067421914,1.3341686756500615,0.40913401279737327,-0.566808874556538,1.6251345000998574,1.0898933014666554,1.7912314609931719,0.5705954771281156,-1.178068103205582
2016-11-06,1.6828743601322667,1.9366726355382857,1.6950467939472658,1.9407851692738807,1.5142071679317355,1.8903518752477095,2.0479698398155217,1.788469135246238,2.2882963999417756,2.015574474355572,1.752629769238298,1.919925676209407,1.8588880112434507,1.1490969678573695,1.6230082184049948,1.8095507473764159,2.016983357554444,1.68385562394212,2.128712933558447,1.8016717925413952,2.641471221762114,2.2440573960634156,1.870509326527843,2.2114265258902095,1.1599362307842493
2016-11-13,2.1174738434785136,1.977883530296497,2.193031293930103,-0.5530873728494178,0.3857198562154135,1.9996075606599892,1.8669084058834273,2.115547313917536,-0.6802417625085742,0.15611911551529825,2.135428148596131,1.9899985490188348,2.216485943128516,-0.4502237312502079,0.5424094322605356,2.0446281466138108,1.8931369799023328,2.1300487216248407,-0.841923335690298,0.08717959332267565,1.2671841291318326,0.9108221576437535,2.142360757235874,0.055914586317827905,-0.8550457387784204
2016-11-20,1.8785975122105123,1.83461217931668,1.9818476831122724,-0.6177648591103876,0.16239026874215573,1.7766664186323713,1.701877634307746,1.82883329461686,-0.4470099186231387,0.08164086985237655,1.8470232094739498,1.756271335218285,1.9338064089163576,-0.7914376958255308,0.20329100682605658,1.8264149021690534,1.7531161042757237,1.8707079779175584,-0.7141606505077258,-0.0822756313812646,0.28278348924274077,-0.19407009705488595,0.2961922272791499,-0.43093205185671396,-0.5113961187067958
2016-11-27,1.5919299217976812,1.546559745996249,1.6222494472659572,-0.5971455004089731,-0.0595212725472548,1.548189267225158,1.5747797987228662,1.5550057369261399,0.2995131875009841,-0.13577629564112892,1.536432201941124,1.5847624820932602,1.4558239007483376,0.8926031253634857,-1.4484894989856516,1.4784644826847644,1.5339011957932729,1.319371834748694,1.284545817812699,-1.5217286116149271,1.1469748095368695,1.001558529893763,1.6106543636006714,0.39186166125588306,-0.024279519593378374
2016-12-04,1.5018241673050186,1.5756011579213525,1.1801316319925683,2.358860019960238,2.0000172906019684,1.550859468258529,1.5894870661473042,1.4509189668286782,1.3314777415159753,0.8818297289315876,1.5280489218563662,1.6248072078235698,1.2447179983033347,2.203692251988158,1.6633951789791976,1.554820557353426,1.5184118425912492,1.5367237477842834,-0.03949523634010192,0.2170886922671383,0.9233475702825992,0.39689360184956624,1.6418815589035103,-0.7806149618847573,0.16973729235354396
2016-12-11,1.177750284987248,1.3109196971092747,1.0579182953266872,1.4994826584220986,-1.5384817684665828,1.2031665843398052,1.2164809945474435,1.2275635310761435,0.0390672692448789,-1.7315300571950427,1.027376295998116,1.040410512903504,1.1094830265362023,-0.040795292367394126,-1.4641601197826655,1.0434181500423712,1.2168212280880466,0.9625865452090818,1.4855625584197085,-2.2127608343028995,2.6949872905625054,3.250911317403597,1.252769658455798,3.28427561015811,3.233568473449497
2016-12-18,0.9313019964677566,0.8892748533280589,0.8930497089925602,0.3251566887620446,0.3455574307623175,0.962594193732152,0.9179028817529625,1.0183566484141704,-0.5317194318777982,-1.1956635648702678,0.9703683089138033,0.9355706339942639,0.9873490087981105,0.06120587164614893,0.46779256459542706,0.9680342328126692,0.8564959262655459,1.0778657965240006,-1.0256698681173437,-0.13767133870203438,-0.09724374290744364,-0.23198763144957096,0.13726289849644105,-0.2643070818921711,-0.4691036971467137
2016-12-25,0.9833776205419222,0.832944994316233,1.1528301731032828,-1.1114212037489588,-0.033758356927435756,0.9144860688292834,0.7877714740523539,1.0469584523289137,-1.5250062255494221,-0.3573480770744592,1.0263780371958533,0.8874272730732976,1.2289360345467326,-1.316734924530118,-0.2266972623664811,0.9544368896921948,0.7961663599616194,1.052265707133753,-1.216005612851091,-0.3364251019271535,0.16207454719553388,-0.19063868463078165,0.7294487058280382,-0.2934031610915269,-0.2140547975440326
2017-01-01,1.0203773147447588,1.2056263415855695,0.9116755215666937,1.2127319797074294,-0.8679630043343355,1.0323168485178844,1.1335777261032292,0.6647378682977726,2.0733264632719703,-2.1267860997036543,0.8644881838791935,0.9621134366907677,0.791081452783366,0.5745740051681203,-1.1981050583102315,0.9094527351087359,1.2268306952193802,0.572116534610704,2.1788163796028663,-2.207997723227474,0.6107065250898341,0.0922186704046884,0.07971367964983392,0.08716716330191376,-0.7356167233360539
2017-01-08,0.3822994220819469,0.47891858256778785,0.2695547439480626,0.6725596245673174,0.8532676376441789,0.425011070287628,0.5696496941307763,0.19104711088475732,1.3006323255607626,1.4999330381754847,0.4088983985340884,0.6357877723622877,0.2784496675979894,1.0232072727179622,1.4653727155729335,0.5158529472142842,0.6294664406900699,0.15810035104168277,1.2307867759838431,1.7021682660416684,-0.5753296490893219,-0.49209770659683655,0.3557891978539345,-0.538154021167551,-0.13598518915920219
2017-01-15,0.8525139164525024,0.7135374310996861,1.08095558877841,-0.8419360442194073,-0.5533235950795734,0.7827156564298127,0.5947957034302416,1.0158550750995332,-1.2465711490115323,-0.1462579323967245,0.8623091657411692,0.5890417578071211,1.0985352763378478,-1.387510384462616,-0.1637990013295893,0.8310099154842452,0.6224393348534811,1.0553120610141913,-0.8767106555823256,0.22744743575898468,-0.9598452762318778,-0.5443101594499938,-1.6796535393940306,-0.40462528700266837,-0.11233277749378995
2017-01-22,1.1065122148949382,1.347337195608603,0.9222984599247114,1.0531030441325244,1.1599185497407383,1.1219753966062027,1.2691334250794608,0.8727278698283263,0.9032412442339126,1.2054079696151108,1.2006790733150634,1.3716350710649035,0.940854792454154,0.7186531157737763,1.2279624437298189,1.213101661428764,1.2913881516953178,0.7786391463492263,1.0160394793020822,1.366632847105989,-0.7673535652667332,-0.45578850640190016,-1.1988554092316406,-0.35797523056630504,0.07688229548191572
2017-01-29,1.1851884285956682,1.3247301743600866,1.0831178153374479,0.5539727460297369,-1.9245582951131606,1.2028361312551603,1.3215723030614261,1.0577420429238815,0.4250241404934831,-1.269036348384065,1.1057549155951605,1.0937483853169034,1.1780728169091503,-0.1450318519930871,-1.1504810597744808,1.0774056505129257,1.2254020576712212,0.9297028900463251,0.3390690954904798,-0.7380908733445887,-0.5334872376666092,-0.28480755875426456,-0.34510739215596076,-0.26259012600475856,-0.05239496811312156
2017-02-05,0.5383192636005415,0.06315723057534565,0.9834386782971374,-0.8579364940681905,-0.24518138683508703,0.5594235181519224,0.36729370785083726,1.0474081875415522,-0.6215494367968217,-0.08420306971994247,0.8148561709399325,0.3372416759758814,1.2785675401696166,-0.9663481690180147,-0.06063470662577629,0.6840797744465104,0.23034924385736993,1.1805309440018845,-0.7922537129749462,0.1579171076971371,-1.036525225881222,-0.5602128407102975,-1.5256549963488328,-0.4235854062321888,-0.2822341809327046
2017-02-12,0.8276759303245917,0.02924618416513072,1.3604491165669135,-1.216228173557382,-0.27628647462594064,0.5367197703683493,0.20635918592342917,0.984293930740733,-0.7390384872748255,-0.29032487162102855,0.7577931916938736,0.5556351469171458,0.5983464923375638,-0.07804198985295728,-1.0825726019460995,0.6582519837412705,0.11495151349690406,0.3935734897825621,-0.23793516077593257,-0.6519528993158811,-0.9663710987268892,-0.5153644655459715,-1.278982067346456,-0.40193237235405854,-0.11013530806339143
2017-02-19,-1.4712199331982578,-1.2470171907423382,-1.8573027338911734,0.7734504723832273,-1.570117743369203,-1.2976763888179677,-1.2189989818127192,-1.2923326895944667,0.013313435248630148,-0.8008830024762907,-1.462681852038483,-0.8923776106715343,-1.5462772941940286,0.9563963926365188,-1.4728501692785076,-1.4645692778478092,-1.0175445837058548,-1.3414387387187876,0.41241902775432465,-0.6240505162161092,-0.8228042185399322,-0.4287549103977498,-1.4028752851665538,-0.28760862778792073,-0.040505161458111935
2017-02-26,-1.392838173553787,-1.5482438099311229,-0.5060177888256182,-1.1561258014328917,0.12220372833707178,-1.5973126973754712,-1.7632084211060033,-0.8973530582324535,-1.1681991973500736,0.11706997805204315,-1.3157632629510727,-1.6818073230766155,-0.6873514029064466,-0.8917154019182161,0.14732338600611997,-1.561075324741702,-1.7847925520293881,-1.1754334671160425,-0.6232925343398321,-0.12333585380448209,-0.6816389612726971,-0.4232403800639275,-0.8483366951246495,-0.34987534726613656,-0.4012816926218548
2017-03-05,-2.1598961943663597,-1.8971237968524743,-2.1481167283040437,0.5497206427480774,-0.27614215046820195,-2.2144614583367868,-2.1079039851554624,-1.9631649033317415,-0.6939116668178198,-0.17177350650464587,-2.3189780165401195,-2.138171725617119,-2.3826091940953376,1.179589635305029,-1.344230310447143,-2.3962885614552745,-2.2315465323864143,-2.5060693755613386,0.5689038385329463,-0.9587207850844178,-0.4250813274608243,-0.3793604723812511,-0.7116940046150276,-0.33072256792676197,-0.017851113300583865
2017-03-12,-2.5486742446180366,-2.4023478282835837,-2.3877988311880185,0.24461873618198282,0.2712886545307651,-2.641838449804806,-2.5272060584777347,-2.678027093895563,-0.185115540441554,0.3727042856963304,-2.4805739833845992,-2.5828892934306222,-2.3249833710656476,0.03492327128140019,0.4898497983820362,-2.522423132705719,-2.4246584400031423,-2.310088215575547,-0.17365315661997985,0.6036055213423566,0.9762815291545621,0.9762732077274725,1.1125050464182473,0.6957069614375766,0.04650033436756259
2017-03-19,-2.2856179114525004,-2.112084839910226,-2.1297558046609506,0.4000402555091861,-1.2693383342267388,-2.3867383951857817,-2.178675697114327,-2.4266862233469793,0.7754158145862797,-1.0868176118052675,-2.2661551048362303,-2.291055709140519,-2.1261128191418583,-0.14703299294645691,-0.6592228275366154,-2.3312016370193014,-2.242695250508891,-2.196153484740995,-0.20340473739301204,-0.6197104041874756,0.682217348582596,0.0623458453769635,1.4377144815326552,-0.7821679816571051,0.2621399168266151
2017-03-26,-1.9159590538970765,-1.930478053109594,-1.8891485990876191,0.07275202252303199,0.9585577068809445,-1.838114219123769,-1.906123038048681,-1.7737427162318011,-0.7289181355206545,-0.03892430001222672,-1.8121105250502976,-1.9064125955232194,-1.7878945254893484,-0.4216370213557844,0.7743182261132655,-1.7718812173879566,-1.857180098639209,-1.599954204069601,-1.3185137607434692,0.24199109453407322,0.5235015659700035,0.7202967248208715,0.7404700049283672,0.5054238139380597,0.45955861341196536
2017-04-02,-1.5248355512620033,-1.6484427164188669,-1.333218704024405,-1.2815041998434107,0.12535199199623626,-1.5590446738731587,-1.6298058375513813,-1.4624659002320597,-1.047917227414498,0.2310214247652854,-1.4620923249490998,-1.519733346022909,-1.3129465929783666,-0.9657162870693874,0.4845885022424755,-1.5083160801940547,-1.5779441059724257,-1.442525778204124,-1.0411268281486725,0.5055758271274191,-0.4596897414604409,-0.31366612847454145,-0.5616368593584044,0.08608812328803835,-1.7784157087714647
2017-04-09,-1.1700523569285057,-1.220984404076311,-1.0212231889134367,-0.9295663282061366,0.06474250432533382,-1.1794012622065657,-1.2367159438882673,-1.1673997055872622,-0.6413813791438656,-0.16258405193346637,-1.1167450285113742,-1.2379129115949516,-1.04189410093378,-1.0449374087021306,-0.11945192769814736,-1.13392127725712,-1.1724642347096532,-1.0506417700007413,-0.975925610744301,0.1769867532074798,-0.8449579617004076,-1.3301831842724432,-0.09856092633133028,-1.9235247048863526,0.29481844125394624
2017-04-16,-1.051314988315333,-1.0915861194294498,-1.0275235812693102,-0.48385152946857,0.4445538924746497,-1.0847303567848772,-1.0794874654070945,-1.1033848459153806,-0.2137446076466413,0.5257233905037324,-1.0296726547189687,-1.062430175190382,-0.9490114594729311,-0.9030387585968181,0.2608657868538552,-1.0461113376578737,-1.0340341658085674,-1.0369253497059487,-0.5344575633796204,0.4295792909107134,-0.4523917061051558,-0.4577827945837167,-0.06440044744899258,-0.6263800183018351,-0.4728752726058852
2017-04-23,-0.7584568771269476,-0.7818574047444715,-0.666818787254018,-0.5674564448496167,0.8854302296533235,-0.7840396578288916,-0.7899865194253016,-0.8054769885543859,-0.012573432116920216,1.3775028924757855,-0.7283774581041287,-0.7728287942311899,-0.659829350350388,-0.7413719081308311,0.47739374501935045,-0.7608150093472006,-0.7742291263404076,-0.7652194012834765,-0.377467431007871,0.5527196230188147,-1.1865095775907464,-1.2387619623133364,-1.2762483563230056,-0.8470997621763635,-0.9677843355432214
2017-04-30,-0.7429615452877801,-0.7819747237514209,-0.607150783195874,-0.6973231904061151,0.8193017308187399,-0.7684713764537577,-0.7211265064682698,-0.7297423687404553,0.14217309113628473,1.0770482795558076,-0.7441221491154268,-0.7631284991552696,-0.6777002953564006,-0.5803337337357645,0.4185979471797709,-0.7531612882359164,-0.8299300653039473,-0.7307883536823117,-0.7931689546256565,0.06788507439357444,-0.21331770853617413,0.6916308692796757,-0.1388899219994497,1.1417125558304133,0.5033503418689413
2017-05-07,-0.3769839312462745,-0.0686558542548962,-0.5560012913719824,1.6478826106547348,1.9983535264096213,-0.2425692489795017,-0.04128147751714429,-0.5480654091484003,2.3848545233665015,2.2534366271705393,-0.355253825074085,-0.23817274793532983,-0.4531978519044159,0.6889384026012026,1.387093460640355,-0.21130182147120213,0.03653590389158749,-0.48843391231498295,1.9327750411552955,1.6233340327680417,1.1249089902248939,1.100179030075952,0.5957408229512647,1.1397493547997588,-1.5602887257134628
2017-05-14,-0.46381621574277676,-0.24809667386524586,-0.6451061715903875,0.9881711676963697,-1.5422390764221818,-0.5871514521168875,-0.2840131721786812,-0.7926511108848151,1.7530966481234265,-1.7958454479781885,-0.47630567385347405,-0.2074651687287338,-0.6677671525403291,1.1735074162860397,-1.336038312613824,-0.6276441897024585,-0.3573392713954988,-0.8282376064636569,1.1572552320911773,-1.5595235060197736,-0.8815509732122299,-0.7794435381126413,-0.6735921283032391,-0.6054009059068798,0.19768015035953454
2017-05-21,-0.9416164997563307,-1.0374402520351385,-0.7664077623371335,-0.7355052699543052,-0.4018154135465482,-0.9045404720690179,-0.9843592133741174,-0.8291127817244127,-0.21790624367134176,-0.29874880865397785,-0.953252957770791,-1.1587648667394201,-0.774342693712067,-1.310827970223124,-0.0542389228311517,-0.9453735513752888,-1.0071997232595047,-0.8339311171900545,-0.7159422621647642,0.20400243808494953,-1.3300652923950662,-1.3957480380640335,-1.4525978785792135,-0.9932347795727713,-0.5620830534091262
2017-05-28,-1.1469684946479797,-1.2284084264058182,-1.1068441001870637,-0.8435989525983948,0.2700833197152103,-1.0413037025096923,-0.9714386245551488,-0.9966593270975358,0.07453661771317933,1.0657711027757661,-1.1445614276566975,-0.9671348614806599,-1.2532208190041259,-0.2978646783445097,0.785101071650856,-1.0896160242003106,-1.1880533464731664,-1.379644477810718,-0.5072416344524602,1.0014972974750838,-0.6010228848862418,-0.9669232550488281,-0.16641868392495912,-1.3008572134149194,0.21495976816230355
2017-06-04,-1.2739322067202354,-1.2633736809563114,-1.3498394315044573,-0.5840243814243666,-0.16730106189790842,-1.2700076919844905,-1.0398769024044914,-1.3890880331964977,0.08618430811565934,0.544250590066893,-1.2544900723241972,-1.2361364787809797,-1.2411472418940737,-0.654854457361975,-0.25200631787758504,-1.0671146925329604,-0.7391325942794672,-1.4890378766928383,0.4705099373833738,0.8780675183496413,-1.4219481882398946,-1.394611982975596,-1.5552366223101588,-0.9579529610139271,1.4019475473193093
2017-06-11,-0.5695220283082852,-0.5622916840284651,-0.6510019258346956,-0.20876618438921107,-0.8573256877941422,-0.6313337377482654,-0.6092322337330895,-0.9743798936754917,0.060804125091775574,-0.9054281024844512,-0.6431784126862761,-0.7158867004659828,-0.7003661537562288,-0.3610774710959382,-0.710073151028156,-0.5861171329876756,-0.6879890760258741,-0.8618636005566223,-0.16125518475488024,-0.965634500243792,-0.9299934455630289,-0.856383172558709,-0.6627697900809223,-0.7786821414644738,1.0183436430070767
2017-06-18,-1.5744315135343376,-1.3500122259313858,-1.4243524479744678,-0.5986447374982099,-0.6541598838482573,-1.6640239234980232,-1.4735016010576218,-1.7980214077336636,-0.21657038707421317,-0.4603655002998435,-1.6537567316598112,-1.1715100583060984,-1.654244319985119,0.061184579513380744,-0.9450449576988064,-1.5909865457859627,-1.2800966988478661,-1.5841656054471778,-0.2663093613876402,-0.4077837127829404,-0.00476591731448731,1.7883929706995492,-1.151727469207481,2.528697370206897,2.7211578424947516
2017-06-25,-0.3594282505544249,-0.3474067782710156,-0.47327896871256736,-0.0770810793908977,0.799354267407321,-0.5352557303405466,-0.707720134392411,-0.32891879970830634,-0.7004698456931517,0.5097566348035307,-0.47617252934685106,-0.42158792313436166,-0.6304738215045095,0.053877245844034236,1.05111491932183,-0.2954243203714519,-0.5789015132293367,-0.2605192373589549,-0.6149448311048762,0.5182211798585505,-0.5950459501218109,-0.30526082506388363,-0.7759370531752905,-0.02914361463485644,-0.38245788251375606
2017-07-02,-0.25378760200516864,-0.5030205366594355,0.1196603924316962,-0.8763121258938056,-0.47372472244224056,-0.4111476164714781,-0.6032635312924859,0.006473458108549788,-0.9413616427543483,-0.5219534508441126,-0.3286185433214089,-0.2992069198608444,-0.13714509626474947,-0.33269330258305907,-0.5309223043636202,-0.5038775632909609,-0.6620329024329338,-0.1860644040692907,-0.8253680576082627,-0.6209382296286036,-1.1302926036313417,-1.0433295191640164,-0.7387134048078333,-0.8479554869138998,0.31184552608495186
2017-07-09,-0.6583450763541308,-0.18722747402683854,-0.9696365263541706,0.610951829734299,0.8083508679692943,-0.4738833436100848,-0.3006416877612298,-0.8613278272330417,0.46257318730313496,0.7489983721388297,-0.5824092565778785,-0.231142403322764,-0.9015132543932929,0.6844340653868073,1.0859101197157675,-0.32660211032201864,-0.18512563444475652,-1.1162820883818219,0.8061986240280944,1.2222442382296155,-0.6186338760506103,-0.5723206279878607,-0.4336481528249699,-0.4743890123492202,0.05222846596072934
2017-07-16,0.21463507900858728,-0.21457169337867588,0.4738455442502027,-0.7472679205596559,-0.07103226459713569,-0.07892560706571297,-0.48533636862640983,0.4865229834096196,-1.2451395450985934,-0.15003919466445956,-0.1416748044164817,-0.4071367077528746,0.11969491944923606,-0.8102552397030192,-0.48694938903049695,-0.15712703317700918,-0.3909407752642722,-0.010736058352044062,-0.5825190991876232,-0.7877101724085278,-0.4808475532436476,0.09181688338028744,-0.7721707388251848,0.37417707100050146,0.5262946249091721
2017-07-23,-0.8122683105667774,-0.9176667215860771,-0.35775215157076684,-1.0442329899677967,-0.24954597363771078,-0.8780440275248276,-0.987695309839567,-0.3505271275598643,-1.1582893964362766,-0.03832861384797724,-0.8323004221938901,-1.0157152520283155,-0.7226649614178338,-0.952977621171906,-0.08403704434065395,-0.9436564022349758,-1.001216676917329,-0.5962331785036386,-0.9991201358967825,-0.03364991038234442,-1.1479854222845736,-0.8898968899659895,-1.313779309795734,-0.5023189894705375,-0.382775337762374
2017-07-30,-1.8088728266006173,-1.0860766323665432,-2.8740344360831664,1.6557515322332934,-1.5060073021877778,-1.6913845978399764,-1.1952433088948355,-2.62082996545313,1.2930045544120197,-1.3377899630867904,-2.0855653094497764,-1.2596399762805266,-2.922177429595806,2.2486032239622364,-1.7023791711101364,-1.9847053012419051,-1.252012324224812,-2.8028395115833216,1.5634474221248604,-1.4814444373663658,0.9441296522773978,1.304069529938245,0.20705413358770614,1.3501838955591785,-0.2818824574282801
2017-08-06,-2.7536381750121643,-2.610486763785102,-2.551049495998754,0.25454460869442397,-0.7939016950580922,-2.8290375748153487,-2.6925323773881744,-2.579954625699904,-0.22093320986715637,-0.48194528073567355,-2.797346238619298,-2.667869870910301,-2.7345447642147103,1.386455812195078,-1.4170660346378967,-2.8274457955781767,-2.744065866381163,-2.6435276956318488,0.4284612599307981,-0.9838474345912717,0.75005489543511,-0.22295561524116722,1.5296353437540091,-0.6316856612216232,0.25277347368975644
2017-08-13,-2.5829962723670126,-2.6169766211497416,-2.355444865414763,0.033926974616919764,-0.5990149547358598,-2.6051725060599336,-2.639334736107074,-2.4952448764135386,0.10259919626548494,-0.9125058796244474,-2.482150692064936,-2.6089314038493425,-2.0134675551216783,-0.3583790144112818,-0.3150686358836043,-2.5392112265467723,-2.6107748634985426,-2.302525217711098,-0.257399333645468,-0.7106128840840117,-0.5239767496078026,-0.6364310040044788,0.1237444588999158,-0.6581175087272627,-0.37462860044731855
2017-08-20,-2.1574964218558037,-2.245780671049182,-1.8989329960046148,-1.186721464594502,0.06727894863024961,-2.2004766090579984,-2.3131514362747496,-2.0050881082328624,-1.5105936924765424,0.1876494592879943,-2.118951344945937,-2.2729142301029226,-1.7659647778603116,-1.3040650521616373,0.5249740020674956,-2.1019111768226777,-2.2538610364851452,-1.9083828823731408,-1.4098466068565256,0.526255690062256,-0.36256350642538065,-0.09400923521830305,-0.50564994451674,0.036233361505881814,-1.108409552389731
2017-08-27,-1.279377656474511,-0.8865844665689581,-1.4391101980973617,1.8871634409629432,1.8707010233412176,-1.1391062337647706,-0.8727339906557624,-1.3691278220117142,1.8026538185608862,1.556389697423309,-1.2565352879226934,-1.090117526651383,-1.2926856828871989,0.8122792107529455,1.6925392844174942,-1.1052027490881364,-0.8842191374638095,-1.2400751159759333,1.2597598624147819,1.366188775575973,2.6822941296273495,1.3174492614038458,2.245530284866079,0.7809583606128788,-1.4999713461376054
2017-09-03,-1.102709410125745,-1.131613510636424,-1.0122419900826538,-0.22069549085549767,-0.6141427843542714,-1.1553781641537508,-1.1839852520900889,-1.081779020338797,-0.2971766299688882,-0.15305771596700138,-1.0954674456958555,-1.1139512430815237,-0.9417895965303685,-0.4430162850658569,-0.14306461118156263,-1.139922330974448,-1.2727056711361955,-1.0174956844764544,-0.9344427469146369,0.27838705819784154,-0.8620263917448161,-0.6748765267235692,-0.7417560670893046,-0.5093974410090001,0.02091973124614097
2017-09-10,-0.876088310551525,-1.0615586764756366,-0.6267638548784407,-1.2398341528874535,0.34975740389765947,-0.8790027589130966,-0.9619447970732842,-0.7071564574599494,-0.8690003799389707,0.60214128344341,-0.7947450421423815,-0.9334415626175321,-0.570210499733709,-1.0853708937970086,0.48590040526024847,-0.8207008396629348,-0.8598615377108374,-0.6979612410959878,-0.6154975088538568,0.9305369237848234,-0.11068813104304556,-0.10007635157554183,0.2931019478052817,-0.18531980661405942,0.7606985423655584
2017-09-17,-0.5739752120679645,-0.6931074126757834,-0.49592741357637177,-0.5794367783377825,-0.355880816951695,-0.641741864171455,-0.6889164871631799,-0.5723321910490291,-0.40050205630100805,-0.5782930445255566,-0.5358207179698452,-0.5638230164608158,-0.43040118301740005,-0.4051234530164751,-0.35016729139141073,-0.6030630567942966,-0.6618521927717217,-0.48858690062869053,-0.6459781675659872,-0.4223871466288163,-0.6682095117584481,-0.48437453866497576,-0.4824429710375329,-0.3860433149906522,0.001130424966374266
2017-09-24,-0.0438074626731063,0.3515013335972939,-0.3798690434692908,1.7149056869374262,1.3407501711200096,0.16766408918543513,0.32957647604401924,-0.31110293178627135,1.7855025833720202,1.6737784583746202,-0.09813497794388161,-0.08738056280082226,-0.22968837764090158,0.37797605090287634,1.299379693060611,0.17587755114637119,0.425778126139797,-0.14011894088855306,1.5857798726760126,1.4800728065864388,0.046509290695123176,0.20348808520224188,0.5138053449376981,0.03597337956688444,0.027061440177485428
2017-10-01,0.649506789557308,0.5146917840250792,0.6796871684929444,-0.3142564845129655,0.741218825585473,0.6106236327649073,0.42194782532209457,0.7651658388963445,-0.841144663709072,0.3568802552659194,0.7082586889432053,0.5683269783243524,0.7871864761934708,-0.4986582737496825,0.6412288514933847,0.7272381920229595,0.49657823411293195,0.9933991610964076,-1.098865951436671,0.31104132064443996,-0.5708237598594312,-0.8926517881135757,-0.37881870329482414,-0.9189265968565969,-0.4080674613178796
2017-10-08,0.9805761293172419,0.8207070862773178,1.0969020513152954,-0.5930376171618883,0.709231277600287,0.9928630016796893,0.9910719692349603,1.0412811620505091,-0.1463300442430638,0.6831606446871261,1.1500701835038232,1.0453117476342886,1.2725804117509194,-0.5886566005816393,0.652293171298731,1.0597952877088865,0.8516550687520006,1.2181059127285243,-0.8511182114603062,0.5356381503152682,0.16328291524003494,0.1793746068477024,0.42555711164902604,0.037390366773762576,0.2545800615265565
2017-10-15,1.3590768666463329,1.1944714339086386,1.5840010283005546,-0.7998269129859674,0.33493525851533956,1.380473227320816,1.355623057345851,1.5011283432633926,-0.2656542255432704,-0.6692158099822654,1.4253558468806717,1.2061917423242554,1.6571480130026177,-1.1402740981841852,0.17882697712965587,1.3257985413997977,1.172375896199359,1.4986350602438703,-0.7813804220215592,-0.18911779273020565,-0.22352521511413984,-0.4500716278439196,0.24118576280162426,-0.6491952531662635,-0.5984163992183029
2017-10-22,1.4650156829329795,1.4569840469575235,1.5576683234401592,-0.11154187157310864,0.3006997656484069,1.504657506750564,1.3906716159355428,1.6773093120326295,-0.5926922648184698,0.21677796269245006,1.4893580915011435,1.3294867694491284,1.6035804537358764,-0.8068476031726927,0.3427831786348052,1.466548035795917,1.4517744163474178,1.5934022829598846,-0.3556098886535755,0.2078358049193605,-0.30447853705479355,0.5317894844826826,-0.994642657415953,0.9628162036314284,0.04078539588187946
2017-10-29,1.2262312733833538,1.2004620939968524,1.2235751426195183,-0.10790729889085131,-0.31946472056896347,1.136640800901255,1.0386414693949173,1.2288192474579538,-0.6269386805590658,-0.12200805771837495,1.1289382003150745,1.1152449169841425,1.1824581492085282,-0.628502248501651,0.12915624797603695,1.1410618372175452,1.0755457088630018,1.190138705752722,-0.525244573672621,0.3635163782589027,-0.6064854570289395,-0.8553706627751007,-0.8479789633277492,-0.6526436647391964,-0.706993953831788
2017-11-05,1.0572205366368181,1.527824824960823,0.04046652211045202,2.557253128106629,1.1868464556974636,1.3512403264133444,1.466292288829754,1.0032274915337407,1.4396621597452344,1.553772071532123,0.9977031636812851,1.5840974535135859,0.025482221420783713,2.9575141216560867,1.575103355921339,1.3646679696228394,1.5581833014148623,0.9844695608988373,1.6817696134850548,1.5642799426981278,1.6660059619318917,1.4083240250916984,-1.0209996632947604,2.011815215187303,2.242175034587785
2017-11-12,1.3068475349579833,1.0523901799099111,1.561641692625988,-0.7583397983153278,-0.7547574557972238,1.3002731384868937,1.1946634968172345,1.367807170914544,-0.40841820461905515,-0.36935842757655823,1.4096218175984716,1.2822944494267376,1.488925507343026,-0.38665747831534975,-0.7555995039104235,1.302426156582999,1.2572390411094314,1.3742354240439816,-0.25030759207892306,-0.026230001644014848,0.33155856023389013,0.27417125428386463,1.4012057424720545,-0.3151248262097116,-0.5139718972604884
2017-11-19,1.5328511848049633,1.369290456328875,1.6263477914956108,-0.6190760521069608,-0.19234435850000847,1.3763970099422866,1.3203839529346393,1.4800064578554728,-0.7195674478107894,-0.23699506344836938,1.5216304858410485,1.464208809414976,1.5787938924755862,-0.46507825570507677,-0.2612533815608134,1.443194527019028,1.316482364062902,1.457384278781612,-0.5745964086304461,0.0723756655602263,-0.9534239911803544,-1.1095137880859887,-1.4687432579837694,-0.6322549620538274,-0.49366110165518534
2017-11-26,1.5056484561899772,1.5900632146580878,1.4528784584595682,0.2554917405535834,-0.22590720116073268,1.4429304245618078,1.5202326457852575,1.3153050762045804,0.7714169173181903,-0.74227538587465,1.4239288585805847,1.6407759378064013,1.2243291286517677,0.8727796486549841,-1.3592376774617934,1.3987347729816955,1.494095453843935,1.3708236187554337,0.4919461694345457,-0.502997415044108,1.5291578365708998,1.2430983643605436,0.5351914805886834,1.0959608621743213,1.5533508483528011
2017-12-03,0.8996155452741339,0.8706441604936015,0.9559764637542028,-0.16075230826860204,-1.3549652532280019,0.7850147201041071,0.8906764471696701,0.8610548104813348,0.15038877884954618,-1.325215845870703,0.880480549230977,0.7828200943666531,0.9526577486090887,-0.29462721758821375,-0.6141703216036705,0.7480658584820167,0.6007843217496798,0.8305603173848439,-0.6455580323210894,-0.48548060014764655,-0.8124031518358774,-1.06319251793731,0.2102993891640809,-1.1639055558709497,-0.7567959508768699
2017-12-10,0.7624534763699481,0.618307801135771,0.7882725551732059,-0.3990151662900172,-1.1470809713057104,0.6780255835472074,0.5424697996440168,0.7779208251257113,-0.6828752210372239,7.762412666418357e-16,0.7622297362617848,0.6659851317141773,0.8557823855577131,-0.3954037934471365,-0.21192021999025773,0.6221569488256621,0.6853617960919787,0.709856945091055,-0.1230397174792594,-0.6128976135628063,2.4661747274587094,3.2355862448430788,-0.19876020173359807,3.2396841474513507,3.173623535483419
2017-12-17,1.0987176153195837,0.9255117604847675,0.8550737095469336,-0.2561267537653795,0.7576281377701909,1.0820356235701607,0.856408731940544,1.1776648412250752,-0.9879358418752259,-0.26499673853381317,1.1669195163532529,1.1171014637193086,0.9072770526395125,0.13659386789677813,0.6041925058216565,1.2069561445424728,0.9793002549002537,1.185206332582986,-0.6588061789888973,-1.2593361164736634,-0.8903985420705107,-0.4782243764147847,-1.2138741358988299,-0.36870173993279187,-0.5469827676769254
2017-12-24,0.8536121358233026,0.4428554117257312,0.9400229460040438,-0.7352384114530329,-0.24309665865393126,0.8293355952713682,0.8101622039955982,1.0226688248595368,-0.375642042524736,0.8187406491531778,1.0969760083524218,0.7737743009574546,1.1349120618376505,-0.5475025492442707,-0.1468818823331894,0.9832933466880971,0.6697580378022824,1.1978381976068986,-0.9087401811481732,-0.10439941906719917,-1.2412676671334473,-0.604159733970879,-1.2953598519353748,-0.4873744909307217,-0.053240991461102574
2017-12-31,0.876991694756879,0.48433322995169137,0.790570807868003,-0.513774943196117,-0.38105882805544816,0.7122502697636356,0.4740287643275295,0.9620698160114876,-0.9679429849678194,-0.4486246332886395,0.8582819955237942,0.760604308563726,0.8108186668047043,-0.20059551392957908,-1.0920658418221596,0.7405826963569333,0.4792823243484858,0.6098423106696947,-0.21530076208755325,-0.5244448920732572,-0.9036278500154065,-0.5718526478745242,-0.935075393698836,-0.4871628101435289,-0.45589524241868906
