Date,CONNStock_Open_average,CONNStock_Open_max,CONNStock_Open_min,CONNStock_Open_volatility,CONNStock_Open_change,CONNStock_High_average,CONNStock_High_max,CONNStock_High_min,CONNStock_High_volatility,CONNStock_High_change,CONNStock_Low_average,CONNStock_Low_max,CONNStock_Low_min,CONNStock_Low_volatility,CONNStock_Low_change,CONNStock_Close_average,CONNStock_Close_max,CONNStock_Close_min,CONNStock_Close_volatility,CONNStock_Close_change,CONNStock_Volume_average,CONNStock_Volume_max,CONNStock_Volume_min,CONNStock_Volume_volatility,CONNStock_Volume_change
2018-04-08,-2.134427315444944,-1.9932451476928867,-1.8829606457660872,-0.3514311454121458,0.9673868976063873,-2.3749690180121577,-2.2646327197879197,-2.223543195083203,-0.2716277626880121,0.5743102317688571,-2.267272972225104,-2.3244958359950374,-1.955257574007493,-0.1656318804403538,0.47134490849285365,-2.350880960761449,-2.3528660140690945,-1.7911711730156819,-0.3783089536916485,0.5009507074029854,1.1432934159303123,0.5859897485473968,1.6739761643221196,0.44983501053065555,-1.3674869209027172
2018-04-15,-1.7776619267535783,-1.788099349354896,-1.8728815173506095,0.26193700185583935,-0.3748743200691674,-1.9239627490900229,-1.7835300615242966,-2.0686678358194914,0.4329127574579892,-0.6865981904434079,-1.7454055923886,-1.612630879391634,-1.5537349954249633,0.10827026513512944,-0.40412393329501334,-1.9153401060868198,-1.886471619690414,-1.7386501225036783,-0.2040881320967968,-0.5134245327441112,0.020061389249718568,-0.16478560289629948,0.12990900217119503,-0.19132148438297514,0.40785848571890504
2018-04-22,-2.1370534949350155,-2.2159341930026497,-2.051084732240831,-0.6486500504638867,-0.39905946172401835,-2.189516619987132,-2.1841529318325397,-1.9393528128995066,-0.8340135166528936,0.17787848299282585,-2.1346887780870625,-2.1424207038119722,-1.7229245333812053,-0.8487261700369058,0.022552209213514064,-2.1512849858883865,-2.12913419006312,-1.9296280671932704,-0.5885266865439659,0.3311326903257822,-0.1947659116953184,-0.32624637677788537,0.15604301686029282,-0.3665239047200317,-0.027451337153136995
2018-04-29,-1.8091106848608822,-1.7624218621563295,-1.673407752514568,-0.26771998998351787,-0.7508908287589797,-1.8108474149186964,-1.7472962388726097,-1.667462684885828,-0.46360484268989877,-0.049392316482120786,-1.7845553263438196,-1.8397845301249842,-1.5303524069350225,-0.7830354323441564,-0.004020923785845344,-1.7633058497193776,-1.7183970808055435,-1.53781840418549,-0.5511771359097204,0.5340270502535416,-0.3192466188405717,-0.3220930549274849,0.1514366003138436,-0.3611390942938775,-0.07860120481213247
2018-05-06,-1.4590786023097269,-1.5499888848944219,-1.3759026762059663,-0.8209119824646299,-0.2995729739810993,-1.5309971635326833,-1.5353327127326253,-1.4392903107753316,-0.5780289989123671,-0.4329827093775852,-1.4316829148962604,-1.4651973837942964,-1.2299183959295696,-0.7483542062901973,-0.15110951766567027,-1.5016675508082034,-1.513345225719997,-1.2953963343585022,-0.7107089616189212,-0.26281433823281597,-0.027153728024998186,-0.22130325981836593,-0.018405836120085776,-0.23575292852805874,0.09766147201940711
2018-05-13,-1.1665345515245715,-1.18652431960245,-1.1292190612573916,-0.3691273085169897,1.3490128890742552,-1.1517158054333492,-1.1046883892048065,-1.1295103582081356,-0.22764412395014302,0.8052453157615469,-1.061790483644344,-1.0669178430768724,-0.9705251248408325,-0.4232962181925611,0.854241903798143,-1.0858201342466032,-1.1203307941236957,-1.0116732411064948,-0.49285069652244984,0.36014752941972744,-0.5452452754543009,-0.4530122924637794,-0.8047151912113091,-0.4120736613156319,-0.44611445361555857
2018-05-20,-1.2288736575425345,-1.081472517265786,-1.3394469331013386,1.0934465803413393,-0.776419985538175,-1.224913558657626,-1.075465413703373,-1.2177824902180747,0.1343865363909816,-1.0076947426116678,-1.2755926358876561,-1.0077961057955602,-1.2146983912508604,0.31958935148890266,-0.6907254292424646,-1.2915193506970524,-1.1260553506917874,-1.250588524803191,-0.06566340311110297,-0.5205278139550855,-0.08708682349799482,-0.09654898553413348,-1.0104084401503686,-0.0070903942989200075,-0.12873509523801482
2018-05-27,-1.2667561129212077,-1.3836836581677436,-1.251977348826729,-0.776922570242529,0.21371670519348038,-1.2919918443024405,-1.3022051617153105,-1.3551666366771784,-0.31412361814543455,-0.5139690830947066,-1.3069675396588134,-1.299585215205831,-1.4201751750306182,0.04868916915867294,-0.4955489101050261,-1.3281146876109282,-1.3126340989256418,-1.3939951505451942,-0.28804049258542713,-0.4059330268434838,0.017159675502734697,-0.129187143421169,0.9135899013785138,-0.22705185889027396,0.275122223342921
2018-06-03,-0.320897744690739,0.8314582124806055,-1.23412264076939,3.140116320702556,2.9527956042396633,-0.067698728754853,1.203420628410964,-0.9815279429193012,3.0160825905438293,3.117613279877033,-0.3221810908890159,0.9178749376559036,-1.1322868480966382,2.7993803561279735,2.8332536085129223,-0.027184279151664548,1.1643946081303276,-1.0132090968034548,2.6515025415058444,2.903557039845734,1.906358133404008,1.962991381003558,2.3244604479811732,1.8832330236965258,0.9428280938791771
2018-06-10,2.0467561602887856,1.911072602306157,1.975886844303261,0.05730483819243861,0.4405264470109556,2.037519750366654,1.7132382920878735,2.1351378600013717,-0.21318734923346644,-0.5797352031393759,2.093691518550681,1.8222104385087354,2.1774506699216647,-0.23205787729355398,0.31286433050185025,2.004380664055176,1.6016381233067658,2.2264717884046905,-0.3648438869409852,-0.444761379337053,0.3936558454794301,0.1449414554349684,0.916476504594278,0.05435148491515993,-1.7610813660001605
2018-06-17,1.7407570182551857,1.5638341740877855,1.8654063466589574,-0.4684406876074575,0.3515055210001461,1.6187149761838546,1.2646860147298984,1.7934968290498563,-0.6634712109690021,0.11432503290357462,1.7740175095540447,1.598301862953021,1.9625459582422067,-0.44230032724421414,-0.07273276815621409,1.6936472075352718,1.3365779302369316,1.883029288888177,-0.5335093506395159,-0.1463728825508814,-0.5656096897618732,-0.1980938060125203,-1.0442738025537412,-0.09789855158428241,0.6096379761812294
2018-06-24,1.2756042438179125,1.14016454291529,1.3518881479918738,-0.3572378329222809,-0.5675804554146189,1.1711397948506634,0.9301586500217622,1.2814499393568723,-0.4566176751355116,-0.2599737225001313,1.3275437664588834,1.1872596941545028,1.4421622991785346,-0.35348887203174273,-0.38919462224088053,1.1711433597628582,0.9424586583416832,1.3133723718708585,-0.387245295895506,-0.3195161770943447,-0.8585636396620999,-0.7306962281959842,-0.9659500741397342,-0.6835439190473895,-0.4239300256615545
2018-07-01,1.0969488735162463,1.0335349793978794,1.1713606244247263,-0.3099740707601126,0.37319323182723024,1.0865826133434957,1.0081091276117158,1.1100721441856594,-0.1672382934768045,0.41459435020987534,1.1519966707274754,1.0952072083217548,1.231192921479713,-0.30192760109260275,0.3853386817862382,1.1917220942892472,1.0916980374909409,1.1817441449991906,-0.137300048466727,0.3737781660517905,-0.9156711206595713,-0.6743108133415593,-1.2799764297290146,-0.546897501750449,-0.4560595393718891
2018-07-08,1.4263459202175293,1.406314925729891,1.4444481129260807,-0.15883002838585367,0.14505866276613893,1.451205434241822,1.398363681464821,1.4008673256057709,0.004371037846226023,0.5164140243103856,1.4225089306323078,1.3356618387149242,1.419269414700661,-0.26662260448691,0.3751965522184646,1.4084635655955267,1.3567066858343184,1.464483693379107,-0.23117568442226255,0.2976071263248543,-0.07037853574917648,-0.12554204285339304,0.08006080577736079,-0.15642403797740131,0.0024844332081310413
2018-07-15,1.3948831625543439,1.271039713922986,1.4694505518535736,-0.6424199886125747,-0.16024382304898108,1.3424685003346508,1.2092758519983864,1.4014803842248318,-0.4510173458551451,-0.05931579801035683,1.4131964733837596,1.3183048695458104,1.4526595990869577,-0.46905113939706694,0.02894729400496408,1.3837205678162352,1.221981197579141,1.4403563095006175,-0.5623364901033693,-0.09594773042640284,-0.6654758841555531,-0.5815289938185335,-0.49485966544266236,-0.5792226008014885,-0.49833905176848686
2018-07-22,1.0165464974919993,1.0365616790484982,0.9416063249099079,0.08535570754815884,-0.5335261225626367,0.9803743893993365,0.9027921806483534,0.954404859910282,-0.1954898203587686,-0.45223540953347363,0.9182686413918205,1.0628514973157994,0.9189968193049958,0.21587267791854906,-1.0028620789792622,0.9157883913602132,0.9745365188544637,0.8580517359275603,0.16104019206308942,-0.8968009974135203,-0.17272403647916518,-0.28120158401634443,-0.2761813545846353,-0.2743084664627462,0.2626789641025664
2018-07-29,0.43574397702935763,0.4113542235645655,0.4604958122032605,-0.19555571322210577,-0.5145441271872431,0.4139483398220388,0.3405245621201455,0.4836362391583988,-0.34986926119587797,-0.36796964103228486,0.4329850524163118,0.25553001118886304,0.51949944681591,-0.6849130086502647,-0.16617324980360576,0.4363138519552121,0.2896725504155269,0.45723632953539156,-0.38918958293938183,0.05465605022103001,-0.8692605184601062,-0.6028404270416983,-1.1149374361035056,-0.4939669511739565,-0.5773937875747913
2018-08-05,0.4859917026984645,0.3422763167834874,0.5653740559690491,-0.6195165525666766,-0.1414766313444565,0.4740880845720344,0.4034894954713643,0.5110951850139978,-0.3077537584506044,0.003492897404104362,0.5536619069179866,0.4825841775715218,0.6235899239841719,-0.4837199901669041,-0.18795241832038534,0.5049818363478121,0.3943183681175148,0.532023407086293,-0.36664266906139303,-0.03142106083108645,-0.815594787078299,-0.6494406873951323,-0.8228254285220086,-0.6004599802863305,0.059410645677040234
2018-08-12,0.3640460969089894,0.31504193405004566,0.394000337718857,-0.29178419185512067,-0.16468253505150446,0.31270217434757763,0.15816103835240697,0.36849271993403554,-0.44490396733097465,-0.10868757004577469,0.3143403711573541,0.1991682980157269,0.3042746523322504,-0.31563533183776593,0.04776267922965917,0.3316934555823201,0.26842137467164057,0.3639058698001018,-0.264701925009921,0.11887528597783385,-0.6423333098006078,-0.5091004610598782,-0.699129624095519,-0.45982454440035125,-0.1146103487134845
2018-08-19,0.53101460737793,0.6131903568281406,0.47284613789334307,0.03497314183255626,0.4250995489345028,0.5958039496902369,0.6387685208580437,0.29955195387676575,0.35162466904586226,0.6410533498896435,0.6240777231022634,0.7189871471501169,0.3807165228559222,0.35528303964901814,0.7227894944141301,0.6346098192026023,0.581422050749749,0.4076284417689991,0.08284946836113928,0.5477975323866153,-0.5771830982860658,-0.47341214174195406,-0.6101157744967641,-0.4362979412940018,-0.14296178265398687
2018-08-26,1.2839089518336502,1.7332430711932842,1.0171122219677198,-0.19982418074071456,0.2489216044690887,1.5010859926770392,2.3221591189099198,0.9295933194679524,0.47236615711805624,0.6780431002540789,1.2775453508628298,1.9309874277118573,1.084770696863897,-0.026261000975601016,0.3482617012416975,1.5828460826010027,2.4431932279138637,1.0288000062281135,0.4081890372174042,0.7209588567216093,0.31993094728049104,0.32955749282430713,-0.1614283339539801,0.4119484765972056,1.713822166788442
2018-09-02,1.0545996520956482,2.492379241834271,0.4229939261319258,3.115891576130339,-2.893151961586071,1.1222423698570314,2.1585992322955514,0.879566373388978,2.6511522244555086,-2.417862606219492,-0.013202420414834064,-0.3024383603270635,0.029961118971374028,-0.7694056841161107,-0.31296339180161464,0.10876848146432391,-0.12716631133030043,0.39274661072640765,-1.0044499933851914,0.010847845983424368,2.7952253270695815,3.052243732785979,1.9753558335453063,3.1015566468544975,-2.991154449613895
2018-09-09,0.07402085070907322,-0.13258625739895893,-0.19562519806143575,-0.007586856954357171,-0.778125216516606,-0.13739787411854468,-0.2017499393705104,-0.12820435143737985,-0.20457847930543283,-0.7455297056187687,-0.28851655372629403,-0.14579901694944952,-0.555045078440562,0.764763428545972,-1.1329859466191496,-0.0490943804973633,0.13711469623028566,-0.19887685084005113,0.6589454231924725,-1.2583501340772603,0.024854743057315005,-0.07791139503640075,0.013856444582170857,-0.08654400603239758,-0.02177637743890739
2018-09-16,-0.2297489694343278,-0.27041130721922346,0.060650186498151855,-0.4380523667587036,0.7172793808592265,-0.1571005591476411,-0.042628841667282535,0.17329955566806604,-0.24030280350471006,0.5923562723508626,0.16128544361159222,0.19010474510913047,0.17313047597454817,0.09692825726645911,0.8024708998197738,0.10064363924393165,0.3454842778953871,0.24644402678260127,0.32811628703590395,0.8607564255723953,-0.19291579657255242,-0.22061569091257996,0.5452708938514707,-0.2994868870574501,0.4177006272260682
2018-09-23,-0.09979352035124049,0.04659019615726739,0.005833027850002675,0.0584774951790773,-0.8096634060077852,-0.19761871395301614,-0.024229123919442656,-0.1366582482545038,0.0891563809398796,-0.9032949646943514,-0.15541964592393623,-0.1282218032533708,0.01467502741173101,-0.31392222414408083,-1.066935118726573,-0.3279754285220778,-0.3638005619903385,0.037263486970970185,-0.8149493880104943,-0.8210070351302002,-0.48938403027383526,-0.31377968505192927,-0.717395538452552,-0.26322233212109236,0.10307176909028505
2018-09-30,-1.0901858191973182,-0.7321089184833924,-0.8836100109908788,-0.2378390997814377,-0.43446859509733193,-1.087581516375571,-0.8781607806421035,-1.0681454523572074,-0.4441934569375034,-0.463496010559856,-1.1354079020092962,-0.8371018565545779,-0.9705488498473237,-0.028916250299929776,-1.0718679005945646,-1.220199673822357,-1.1754674970716552,-1.1060192736667682,-0.6836167257528415,-0.8461147674803631,-0.36741486510909344,-0.36061852542259526,0.14213993578332368,-0.40786707384279397,0.0885379990369858
2018-10-07,-1.6355991037974549,-1.375308771820388,-1.6433493592960635,-0.44207620667003755,-0.12351704267976897,-1.4365892041492723,-1.1520365178841876,-1.4930714546231951,-0.4699877759120928,-0.2904691695565405,-1.6522677972676585,-1.394791089767624,-1.807843762742189,0.6036031152539791,-1.1768529595076718,-1.6645986234504062,-1.3735667684019446,-1.8757186012141287,0.41647906064226686,-1.166417867347867,-0.14919152509490663,-0.37034505782635435,0.6841070681303474,-0.47291724220621595,0.23070470238310956
2018-10-14,-1.9921250573797993,-1.5251900244833665,-2.4144644129881683,0.35974488774421365,-0.45653495135315586,-1.9439225109692861,-1.5714860149255148,-2.5411640492804235,0.33230926537302613,-0.6471101817906619,-2.1713272930025798,-1.9531521970277694,-2.399338786376454,1.0665371190723731,-0.8619830444950676,-1.9516796792322688,-1.6256490408583903,-2.317246004849992,1.1441248141308977,-0.8622282282785425,-0.17740370399830077,-0.09151345724114639,-0.16690335548063254,-0.0819146704406234,0.14301949168063335
2018-10-21,-2.3408709457791503,-1.965265239825762,-2.329419765574933,-0.1439343328854667,-0.4794398216293407,-2.2503215594500374,-1.9774184009939701,-2.4277370626013917,-0.13364613969669994,-0.6912882819739409,-2.3108679511148864,-2.2419323971227434,-2.237682751433732,0.008156383926704763,-0.9830663057545029,-2.253494399805923,-2.159702119608751,-2.3053709352638156,0.1671147566265913,-0.8419245649571491,-0.3072436565118898,-0.420626897620796,0.42276686023650023,-0.500211839128707,0.1822164389940733
2018-10-28,-1.9340047534292177,-1.610640408883739,-1.865035254472584,-0.010506989014122954,0.5263098387403551,-1.7470975872402648,-1.5389190883725703,-1.6926448007777368,-0.4085504755657918,0.4001011478209773,-1.908996940847542,-1.9119772759081408,-1.7665596568790216,-0.9507628421933567,0.7748836514314116,-1.77077091104586,-1.7469203800341389,-1.7750570217511832,-0.09712504134385737,0.9249268273443991,-0.12112727489353861,-0.178722711915874,0.5890386916366204,-0.25131785101203563,0.14792929818628325
2018-11-04,-1.2445607234722968,-1.3024916699079319,-1.0782314568203342,-1.0000385664094436,0.49028018001500545,-1.2187172299498656,-1.2777355733431421,-1.0277369618311785,-1.2969103146487113,0.17105606732506687,-1.1842552013726049,-1.3242075560591982,-1.0216406322435494,-1.8626496505404435,-0.2817897964569511,-1.1937398050564736,-1.3103546329355455,-1.1136125537645,-1.136321344138668,-0.28057865415033145,-0.6486653086791423,-0.497477849412171,-1.3000498250116255,-0.40401911248373973,-0.030055837763084986
2018-11-11,-1.3015301015304186,-1.2913360430967715,-1.2096994694498613,-0.7845427915333528,0.10519955489542059,-1.313804605796286,-1.1753317824381613,-1.3569353565608329,-0.2408392101165381,-0.20022299972670918,-1.3192533676915874,-1.3208199688501936,-1.3617100163048366,-0.2421068966685533,-0.7838870501347036,-1.3086157942654755,-1.3934650630434653,-1.3380529412309439,-0.6926920308331299,-0.5896085297368874,-0.527350066599549,-0.30240465862805804,-0.9883497133738264,-0.22392636208033873,0.27661800037112244
2018-11-18,-1.6574145804156981,-1.4931096283681047,-1.7329144735997355,-0.03592185263401251,-0.21111072765776243,-1.6508519758468794,-1.495893603038823,-1.5754181065965651,-0.6722591701566052,-0.1442584193579996,-1.6534090523126903,-1.5014458973033782,-1.638443387737638,0.7899599721981793,-0.5664757138126216,-1.6408593104764184,-1.5829222589834973,-1.63095379296025,-0.19427830388406295,-0.5275005718361143,-0.12088734656359723,-0.20371893606808322,-1.1739553197084043,-0.09211458508059034,-0.3098097349266725
2018-11-25,-1.3198538792942183,-1.289698237973617,-1.2678013840861215,-0.7359344500668684,1.0182789502055583,-1.3290895306093276,-1.2317629768782627,-1.3021107147560564,-0.46874196517897987,1.2588870449982605,-1.299791754284333,-1.3671377579107769,-1.1685185262322764,-1.3869995615056376,1.1831286128051806,-1.2264565771275742,-1.2386414806083903,-1.1965953370935243,-0.19115567653948207,1.2844623224520417,0.06257165287780761,-0.12166417707667707,-0.5007170360667076,-0.07600485106691132,0.6299839757809775
2018-12-02,-1.280261114838698,-0.9736924766587551,-1.44752143437207,2.299300335143293,-1.655963672978836,-1.2961229934090057,-0.8722173138593229,-1.471976679836346,2.666187633999505,-2.0138107795210227,-1.4532668097808719,-0.7835933923325646,-1.6621621911724616,2.949366949620428,-2.203167613813743,-1.3817336092548345,-0.8338170103861046,-1.5538023826880043,2.8858568905809885,-2.2286186592225756,3.285364272918266,3.3071413867434094,3.099992035641276,3.29309044212696,0.0717863484787633
2018-12-09,-1.7608289789392924,-1.6588470598151386,-2.009441277220043,2.19618549780522,-1.888552183242975,-1.7860574336603998,-1.5519885275091863,-1.9280672454205532,2.080514717206133,-1.8248802242374755,-1.7954492519552152,-1.6864281943196642,-1.921965661967478,1.5164238734446744,-1.5217546231422239,-1.904211430615743,-1.8157591839208762,-1.9575067845611915,1.426108108299231,-1.3813661488141724,0.40492233849666326,0.05916178366608564,0.689813098477587,-0.04884220360644439,-0.589300378263639
2018-12-16,-2.005555020162753,-2.1217718652312847,-1.894355444314992,-0.459244292595393,0.08709098922160931,-2.06140488117809,-2.165055331949572,-1.9977236683700335,0.05190078141031077,-0.48613369230763126,-1.972892100699936,-2.108355152317405,-1.9137869764846036,0.11373072292575843,-0.42118537673919715,-2.018340640769936,-2.139327544287005,-1.959132357253127,0.2271403274870089,-0.5136616375203717,0.27802645914521007,0.157535950866618,0.742888941786111,0.05200542119444335,2.208771888682849
2018-12-23,-1.9194711588727658,-2.020931489486547,-1.7523486329684284,-1.0701707064648731,1.0218884459573945,-1.8606921196074953,-1.9852718154525923,-1.695889383896452,-0.8527057269988021,1.2812194163571398,-1.8764101779675704,-2.034367979747597,-1.683674133763217,-1.0285784039421535,1.2162325135242011,-1.7992088790579535,-1.9358194377081124,-1.6591485577537683,-0.8495328382165339,1.2335921140451611,0.0643698822649706,-0.1927766604333769,0.14793170033515385,-0.24709929612334436,1.4179053907479533
2018-12-30,-1.4293978075763365,-1.5073316671085188,-1.3514392698961513,-0.7523891151951124,0.998263683112585,-1.4313482995567595,-1.5663801999541431,-1.3410017675815924,-0.8970385497840081,1.0557710359857968,-1.3782364966319596,-1.4282827146444823,-1.246198756803653,-0.6285267893580802,1.243896059036963,-1.3626942425554618,-1.4985462200732826,-1.230605888821172,-1.2041290432399905,0.8867451667941539,0.552353056892775,0.31902049434374186,0.6369808033855897,0.2565433408500783,1.5374339680907902
2019-01-06,-1.1020886086458876,-1.2243531921266293,-0.9649065132370688,-1.2587247698543729,0.7915600590760502,-1.127309346312082,-1.2469840713637863,-1.0091003935354341,-1.0611269129881598,0.8392709472642347,-1.0457379431457323,-1.1894157674462391,-0.9190993845901152,-0.9286906734221353,0.6363803468773374,-1.0863227862993616,-1.178747459504411,-0.9763460083288097,-0.9473359526539961,0.26698101430933124,0.1506192247700773,-0.09753248574434079,0.39959273493803654,-0.184132156382176,-0.34403012610825917
2019-01-13,-1.1074964798724727,-1.1649907249451268,-0.983897454157195,-0.9254961721539304,0.6827506996604706,-1.126418807920783,-1.1665429953411872,-1.0060576319706624,-0.7588536009079978,0.7006002779002924,-1.0323383872253418,-1.14096862304254,-0.9121937808752538,-0.7885743868752071,0.6902383623836442,-1.067108796568404,-1.1604823802644926,-0.9161930519398989,-1.0566357963065225,0.5710440488730284,-0.46644512933287485,-0.5117626755177827,-0.24603618718213666,-0.5468208470851444,-0.09109010390791335
2019-01-20,-0.9947845517421293,-0.9941948966350665,-0.917355367364033,-0.5238590505720798,0.1436437357260384,-1.0075648860132458,-1.0968202428792007,-0.9367121944470783,-0.7847069824715615,0.2712664611535149,-0.9544575524392308,-1.0420551737802048,-0.8231271777395296,-0.7851994231379827,0.6129880400011803,-1.0133533739164313,-1.1097938262024711,-0.8899467409287243,-0.9973817359995704,0.5248685682309611,0.464416595162693,0.01619534753803176,0.4081608285332778,-0.05415386524086782,0.1022561828491271
2019-01-27,-0.6447140712905394,-0.4888034630852607,-0.7792892840294645,0.8880968231525337,1.440818904825811,-0.636643238148378,-0.5144607506658958,-0.8005800616699674,0.818533555597346,1.5736349893191102,-0.6357919542854263,-0.6053626443320993,-0.758709909443835,0.2802036228228392,1.340849217952693,-0.6377358469646507,-0.5813005964786498,-0.7553233767608921,0.3949723114506222,1.3197479868238908,2.7104210827498822,2.6828724569517597,2.218012838130855,2.7175792172219992,3.2594603527298056
2019-02-03,-0.32435908439787964,-0.4552466184731322,-0.20945691276804,-0.8208908753708616,0.2018089857158471,-0.4207597058698678,-0.5786393486887378,-0.31040846129552335,-0.9408140268395331,-0.023558851682013746,-0.2743054446802397,-0.4292252868582949,-0.19140426527882037,-0.6806374727527038,0.04901581804948645,-0.31517932127703485,-0.43052432061952295,-0.2629774862823274,-0.5915575286146914,-0.10023831028761802,-0.33026923775581635,-0.4436111649854162,0.4812192613896435,-0.5601387150255105,-0.4341522023139948
2019-02-10,-0.14833270925674244,-0.10857608096330662,-0.1641956295065566,0.07449999345055781,1.187055435385753,-0.16158352892536754,-0.22742152106420188,-0.2122058636590408,-0.13251626552448617,0.8609207622031778,-0.027850194243539673,-0.027880157777013158,-0.07970743311660873,0.07896025187266262,1.1007368589491895,-0.009335872901326618,-0.12861632087720823,0.001362146115721231,-0.3350862678126876,0.8285794596952929,-0.7701668967093458,-0.6136996562778565,-0.8158703420571713,-0.5792452504707922,-0.30148657149732055
2019-02-17,0.40517096499630434,0.2925546105547175,0.5779369001088979,-0.4376587119718069,0.514045003903738,0.3777457894413271,0.16859637695262378,0.48813242846206023,-0.506853075821235,0.49225062380097745,0.557477670855394,0.26114844883324523,0.742237896093718,-0.624559065255939,0.463188046137869,0.5140046819672004,0.3059452994086667,0.6196304277051647,-0.40421959733896556,0.6697601014743819,-0.670309598561015,-0.5597150233529741,-0.8738880982243099,-0.5158060482934165,-0.3517367958737313
2019-02-24,1.1549723418998423,0.8123482894728056,1.5370658146969167,-0.7125111847173232,0.49871231580185654,1.1633565552181178,0.8369843817801835,1.520659804612336,-0.49456192338456473,0.48998352000407425,1.387436974204666,0.7999549899057541,1.8097364745053424,-0.7399409090680344,0.2582858221975427,1.284150853172894,0.7273854463283714,1.7603418856973991,-1.0301232647447283,0.18899055804561835,-0.6736881974046174,-0.5894595942004504,-0.7691993770817676,-0.5641430429450346,-0.40599504592026925
2019-03-03,1.3460967910067463,1.1851575357561666,1.5234861993685669,-0.25308951519394607,-0.46936001619581874,1.30358819803531,0.9292796154721236,1.588665153956768,-0.7346790655845309,-0.2034860478528175,1.3255748416057338,1.0426547136803876,1.4413985016088346,-0.5656577057589955,0.3416138875814325,1.424904708875978,1.2067810134175028,1.4725121771841887,-0.49586031770710365,0.40558406367464295,-0.5855394579280558,-0.38686616205561225,-0.9633677709919984,-0.3135435334595602,-0.5548551975635742
2019-03-10,1.5430192397226248,1.473944618957994,1.592715487843563,-0.5288199207590286,-0.44189386895982713,1.4721327826097415,1.380121836873187,1.527005953150147,-0.6934457365513327,-0.8646284537782843,1.5281254877211958,1.5151535993702203,1.5442950207058173,-0.4914123655405187,-0.6809168883061657,1.4921021823135852,1.548073786330895,1.4759457953667232,-0.28965660790569747,-1.0771355344071916,-0.553229649385164,-0.38909716018175927,-0.90784424219159,-0.31986093251561276,-0.19551590860724755
2019-03-17,1.273938587441278,1.3262129084896381,1.2542363498532705,0.16642392738823225,0.8209872613381738,1.3585961083017577,1.399234947361025,1.4078010822206266,-0.23695371640158033,-0.19506153984323957,1.2532285122909,1.2914116306453172,1.3118685364108653,-0.30546024696302254,-0.48220009077363085,1.3237616696156085,1.474866267983538,1.316294843941202,0.4010647654794966,-0.5703903295763001,-0.4357826911259175,-0.42604409975913576,-0.11654307615764163,-0.45868799622094436,-0.3066415105394205
2019-03-24,1.2900893503172184,1.4384832641440126,1.2657168699512547,0.4835817788099387,-0.12788984066629752,1.4645744045968352,1.6712464585532842,1.3234235324554298,1.0557765576170777,-0.9922307075926667,1.0360057808618095,1.166232325467051,0.4894152184624255,1.8272902126358823,-1.1807012351352741,1.2227556303435656,1.379120734692119,1.0535806019990794,1.1876108904486573,-1.348612435017952,0.1722515479177621,0.108271449461272,1.0213509943115717,-0.011391833681522188,-0.2421805202181073
2019-03-31,1.085224573818965,1.247721882147873,0.9374646712438951,0.9748685485615978,1.0731172632618815,1.1427346778694911,1.2624170991107337,0.7972072487152723,1.378335674974082,1.221348901276675,1.1246950080433238,1.4311828334889884,0.6765852652409823,1.8901884821899164,2.0009641589502687,1.1845214389846375,1.3136409783420586,0.9891174642519583,1.212922349898272,1.151103909139534,-0.16375971850327892,-0.22615119500628875,-0.20684359796690432,-0.22455933977177348,-0.3943869757284813
2019-04-07,1.4048980182143147,1.2455133706401915,1.4177486109564805,-0.7280917459996079,0.17625390816079053,1.3177969293212466,1.1451247219569511,1.499145221220583,-1.077496251329568,-0.2073538542415495,1.4492561812813203,1.3044846104406502,1.635392817192241,-0.8802319290429943,-0.4236645641971378,1.371699583574426,1.2321525992762392,1.480594793817018,-0.8274717459986475,-0.8158646437915281,-0.4305515014680981,-0.38982478210124677,-0.5705971254506815,-0.35936525910054457,-0.17860792949155702
2019-04-14,1.3456397440844554,1.3265638575104548,1.2296938430286037,-0.06221865917685514,0.6330482326460934,1.2552139736001569,1.1589004189067689,1.2035073039109923,-0.3158862765793641,0.2717365523029734,1.3958963248043554,1.3770045601647083,1.4291275644606274,-0.37888439002575897,0.10913308287603476,1.3482152498142754,1.3520840765242865,1.3947030015215374,-0.35943030003339577,-0.15192574228533032,-0.5101577562556907,-0.4317113063507768,-0.5692085232944164,-0.4060037634954702,-0.2674348097068897
2019-04-21,1.247099178705401,1.3608957332628495,0.9936834660282121,0.6353224982488681,-0.2541465508907223,1.2374491664558196,1.2615665042044852,1.0086001486914062,0.2906334884971493,0.10590909894430146,1.209959871567642,1.4258488047850268,0.8836964070744924,0.9048760003649916,1.0930358913245841,1.2534833555087213,1.3010709637378588,0.9528834611799676,0.6900421731891048,0.9280463953641522,-0.43767471049700357,-0.3836645920063241,-0.6779880492051568,-0.33771370059010863,-0.388381470836614
2019-04-28,1.3501349820170019,1.1867890702925894,1.125406867231929,0.3979944239856956,-0.8661544021122353,1.267313571271793,1.0272546029726033,1.31360303438913,-0.8233987830002394,-0.7778144687605075,1.3485186165349592,1.2422572994084258,1.3479992758371806,-0.33856528598899344,-0.5785490691729055,1.3249300511173823,1.2181064060198226,1.190436195141128,0.10516972312832208,-0.5291609644186381,-1.1309803953179813,-0.9042642452618683,-1.074443381247389,-0.6341143406364649,0.0031275341067130077
2019-05-05,0.6327623515450217,0.5366053224128214,0.5669311934029078,-0.16409027224181333,-1.7032079626906447,0.5425765158401399,0.6050677642076611,0.4980385765069162,0.17303390391871545,-1.8023520662639614,0.642282169529976,0.794699170614206,0.6425688030455523,0.13114962943149017,-1.6853526982663538,0.5674510412723474,0.7576889556559174,0.7553899298020653,-0.020076014513047732,-1.4129772035874943,-1.0439533552393727,-0.9757915728976516,-0.8418215901232865,-0.9620408490472927,0.26097824260968633
2019-05-12,-0.4724765103796564,-0.8102539374245191,-0.1849934880115663,-1.6688699337945117,-0.8514735967487487,-0.5304567757677946,-0.8248107597505294,-0.2376920968984028,-1.1293959454575442,0.10708607930093625,-0.3780079596209465,-0.5165879221189703,-0.0014110778685414867,-0.7738361290619353,-0.3167716313068986,-0.5557540834184381,-0.728213504741796,-0.3537561388965103,-0.8812536596794571,-0.24975777578596145,-1.018770007484785,-0.8459508982981826,-1.0382777298063184,-0.6593809242559616,-0.2609459701735621
2019-05-19,-1.4156467836985942,-1.5457802866720451,-1.6484255630057876,-0.3758465329828834,-1.3333328962057487,-1.5681476951332556,-1.4556192109880144,-1.7050847306969579,0.36916525948646334,-0.8795806595936905,-1.354523722451845,-1.2907218636308138,-1.21681924639967,0.004332306412611388,-0.9182375636235486,-1.5076852310261963,-1.2497236733293202,-1.509021435679917,0.34557506709613184,-0.742701437064197,-0.8590536250149338,-0.7338880175160688,-0.8312315309567493,-0.6139995503525992,0.5552684026626319
2019-05-26,-2.0741403269592373,-1.8983880842542593,-2.6593655085388437,2.49515073818475,-2.3133450578503885,-2.0928582113302907,-1.8316382975639276,-2.4462468010011547,1.8910175249289036,-2.1805454788523577,-2.334446740676835,-1.5968185874341887,-2.788924755214591,2.8295432567582863,-2.744845171100621,-2.34673141716341,-1.8710681189364469,-2.8508821673826232,3.060451700574354,-2.695699202477681,1.2497484059005703,1.9873099059195223,0.021457755150941896,2.4819104534234526,2.9679931166133033
2019-06-02,-2.8417225947022713,-2.841687235291839,-2.7323137195985336,0.5534692568179056,-0.5771779704183578,-2.851472357677269,-2.833608768900044,-2.6926548635581673,0.5964915199073372,-0.49027490980532434,-2.788433318797185,-2.9538148464128944,-2.3726178667858613,-0.07329511521872918,0.736590504234407,-2.760193475973463,-2.926592045100001,-2.410978026764953,-0.34134849966870334,0.6437393364456359,2.146371358295598,1.9566255272912154,1.1601550534224025,2.0252352542416605,-2.432416463291526
2019-06-09,-2.0536531076961584,-2.1160936091809948,-1.8787924303286672,-0.9356237433630032,0.6338180519067229,-2.067053173691491,-2.20111406982021,-1.9040526208391575,-0.9800241024806555,0.3479552017902896,-1.8878432575657549,-2.0187304341733032,-1.477582998316801,-0.9076752380345068,0.17668414094626636,-1.9344853909548312,-2.0161835557224235,-1.679237509345415,-0.6716805242060528,0.5549914771570013,0.2974012684154226,-0.06567792293514157,0.600041319831296,-0.2791631458967734,-0.4246347622267815
2019-06-16,-1.5770739304778785,-1.6512527896517784,-1.4466674119818435,-1.1727115107106858,-0.19981770474064442,-1.6069724253566362,-1.6484075936506482,-1.5221819534103505,-0.5627609998075207,-0.15064385106409672,-1.4911047349173199,-1.569246246082208,-1.2193094774680115,-0.7876748009735797,-0.1052805408711454,-1.548401942711524,-1.6107838070118796,-1.3391210308242574,-0.8084328418042612,0.16710458457444335,-0.22431140549975387,-0.08415385108091868,-0.14662425357207717,-0.05545507035504889,0.6355018822678028
2019-06-23,-1.3801013041822197,-1.387193532254719,-1.3098053928912992,-0.6047897312428667,0.46763516569179475,-1.3741837428967947,-1.3846138741068215,-1.3045663491432586,-0.39274231294545964,0.7758203263483837,-1.2817269366956088,-1.2729618472528164,-1.1145033988282456,-0.4011199377243731,0.42244800125974497,-1.3204387566253448,-1.3720857744070878,-1.2324175878577768,-0.4889287580017401,0.6546752426786903,0.4589326366942362,1.1570474164629536,0.21144006506646043,1.2805732428947518,1.2775053536445
2019-06-30,-0.9782572117425677,-1.0443736876846035,-0.8665129419603566,-1.1550788935983958,-0.08262978168840894,-0.9839827579629783,-1.017748251542063,-0.906195246580289,-0.6224577867310053,-0.5516897682492915,-0.9143064598148086,-0.9965592312266042,-0.7569316869386646,-0.6631785740424502,-0.0945214073876546,-0.9614711120759237,-0.9993755816722828,-0.8513465520832494,-0.5450535548580651,-0.25753819099581704,-0.3668669463827007,-0.4519521714472973,-0.25275148675331266,-0.4643326371588459,-0.4791990384716396
2019-07-07,-0.9658112337997462,-1.0357755424243993,-0.8894480958345035,-1.0839667269600521,0.31017789289317144,-0.9849280260218042,-1.0243751492667068,-0.9589140718524762,-0.507977665132202,0.565481419619679,-0.9089308259531588,-0.9421464148109776,-0.787829724499261,-0.5037007606084004,0.24736308748076669,-0.9165877165850063,-0.9180975117180421,-0.8221523786649795,-0.43419537428878696,0.6952166997203644,-0.3924656953176129,-0.6132645578754438,0.1872409963134251,-0.7351521562351704,0.02359911106362866
2019-07-14,-0.6531462257571827,-0.7051652046646689,-0.5395692563684803,-1.0200894995347836,0.6307993501314418,-0.619946009621458,-0.6573245416472966,-0.5569618865882079,-0.6894864411706091,0.8977022075818167,-0.5716005540707982,-0.5918608778813494,-0.4406692930547279,-0.4700859550170759,0.449223972012175,-0.5800896105471435,-0.6165363710350396,-0.4942034195934672,-0.5019962743786411,0.6254439393176823,0.021296841057265786,-0.3290480610868119,1.100314624287959,-0.60696461587699,-0.24915310646935207
2019-07-21,-0.2035083031967448,-0.09128140444384533,-0.23324557061405582,0.5978638701832644,1.3788100928535136,-0.15463053846259325,-0.1083393683676045,-0.2651974985967173,0.8393031134640242,1.2457046761764665,-0.13706787499656287,-0.08462861574738925,-0.12708620991702077,0.09483030652380481,0.7434543529467257,-0.1268718160347396,-0.10598069090672477,-0.19783702660871205,0.2590129496699838,0.8159494507128596,-0.2612122509828333,-0.5076199066788505,0.42995287021015904,-0.6592953271754546,0.018686652181253913
2019-07-28,0.2983540247838889,0.721199371724783,0.2409039210198876,1.7315597995880325,0.5405331684052069,0.31715975639949434,0.5766051867763456,0.2777162691307543,1.3830333515269104,0.3528909218555205,0.23270562714203574,0.21956346944956365,0.35940481729595275,-0.2549763595458569,0.2499430488712921,0.2766480906254338,0.20335710325737288,0.3663704920187932,-0.37882642537072087,-0.018037740231316397,-0.006578194876398251,0.19195517356407274,0.0727526911395015,0.19828065276718185,0.11953924829556634
2019-08-04,-0.03261880642717816,-0.0523215924576889,-0.16886774959464973,0.2937034564700236,0.3013129173262577,0.01636533229163904,0.030364999841698815,0.04168771491752017,-0.031047280920889833,0.30267563454816054,-0.05916243494216806,0.09447855342630447,-0.09853488153341969,0.32647184002367885,0.6789826094294235,-0.014096567270898594,0.06388166878616607,-0.16447299876442606,0.4589328813585785,0.6464168101031472,-0.0884593851278197,-0.2997365656155758,0.16420486111078736,-0.3608209893203949,-0.5744743403582321
2019-08-11,0.16224487727162162,0.10583213320926806,0.29045307743823745,-0.3174223671796656,0.245521440165144,0.3655800423782123,0.556232023763205,0.37110063996052495,0.8405210879450151,0.5756848177355312,0.21773780814883034,0.12414890873229341,0.4140014857711972,-0.3188290712339592,0.028752160232915526,0.3483176622154261,0.33183965708393526,0.33316110517340936,0.1164264863160271,0.12304773932434926,-0.24244726632162858,-0.5827001305686531,0.8307707098024388,-0.7628187964296412,0.029283923062032702
2019-08-18,0.8003574016016632,0.4224577154196066,1.242973327857795,-0.8927631878044886,0.16912724120922026,0.6771704133136596,0.3913439488324301,0.992468408699143,-0.8780419154477024,0.05606782236699374,0.9389173521236535,0.6238175437731314,1.1790187078657697,-0.28193583064939726,-0.28998209975599515,0.8410107014999271,0.6684553731326843,1.3854812465510753,-0.4244117713108677,-0.12513081527637784,-0.20820714875211996,-0.4996298879589419,0.7700771891474674,-0.6268977529648259,0.3142309862804057
2019-08-25,1.0864627370786166,0.9955869318037981,0.8037667837174007,0.8220729296465122,0.8699654341102806,1.1946922933229143,0.9184791543868387,1.3582064927036903,-0.6030299519602702,0.8509241288631216,0.9941221881534501,0.9366614955509854,0.8754711721162952,0.3176839261326891,-0.477038660073597,1.0324029529514664,1.0876087893032649,0.839149907080194,1.1358925385979004,0.014708756100296585,1.4200163424765666,1.661604325076229,1.097683997598623,1.6180665174404893,1.035117056919308
2019-09-01,2.658764799881579,2.4323066351048546,2.7698100648941137,0.31814785329228795,1.7284328831628506,2.667856408386787,2.4652202216985217,2.7481971481525727,-0.35033245634293475,0.24173019227239811,2.67623634879828,2.6662595458873315,2.7117948091101423,1.6915016655668416,1.9215180152552118,2.683875575599166,2.6041149497018483,2.7127878570549178,0.7552671775509445,-0.06221045824738942,3.2633570614686476,3.269970632918309,2.995715692240339,3.2663827675094987,-3.277874832315586
2019-09-08,2.5018789651230704,2.385827624457252,2.3335124398066567,1.7885838135580296,2.7031842329882436,2.4663453993135747,2.4529885909655222,2.47573570930904,0.6127380207530846,1.6721124922246315,2.5749032204067066,2.5256623273751377,2.514767584369209,2.098751006877638,1.9845348062964443,2.5681587961909482,2.5007290304289156,2.6772231789604244,-1.2029471749812617,-0.09700968496029563,0.14532724361421584,-0.09605726616994904,1.3799094327879253,-0.2077781092975722,0.12486007970739858
2019-09-15,1.774734700108189,1.6909803132258723,1.8767054710431732,0.3638568687932398,-2.096937192163334,1.6194615557674856,1.6517045927826026,1.5843315050918647,1.0561933555188947,-2.5304010136157644,1.7235971855946404,1.7682837090285097,1.6973771704305856,1.8224769647470598,-2.3631530957031615,1.6051919779296513,1.76226180967355,1.4303582436368392,2.2394634891952006,-2.7368783903996645,0.3582655560970869,0.30231250656276243,1.089419675721104,0.23493299222475492,0.7801810493657444
2019-09-22,1.1856630813764168,1.082783629236164,1.2294759534867108,0.0850443793502299,0.8923752280428232,1.1909947760769677,1.0280871624172523,1.3228386056727846,-1.5638664489159642,-0.1682586343296532,1.2807240886452536,1.1539686885218003,1.3847131827215415,-0.1754958621020433,0.15123133525730917,1.2176326918419045,1.1558391720975087,1.2964144771064694,-0.6573324718783045,-0.6294031436367294,-0.4338819748345312,-0.4148155941453375,-0.7849327042448274,-0.3794023602908339,0.2740059890550765
2019-09-29,1.0873752610684622,0.9930395111745013,1.2533975620681204,-0.6200993152414711,0.1724918541395404,1.088344858054921,1.1175038812710247,1.1231878973140061,0.04362890857922874,-0.11565694260558167,1.1033782855028718,1.1225987715805,1.136967571394523,0.7920673542485919,-0.9859040918476207,1.1265510093000666,1.023287267222507,1.2612149607193925,-1.4193360529483858,-0.002720455399306813,-0.2066566482871244,-0.2509029774160402,-0.43839098844945495,-0.23338895793119904,0.12624923758256554
2019-10-06,1.0919503611583303,0.957871627976329,1.2472170947273598,-1.0022035203673665,0.01689731767650243,1.1079232378880814,1.013526380775413,1.168670111571809,-1.0081114693684177,-0.3012908689159612,1.1970671284903847,1.0492910738960541,1.4216038336469414,-1.4035335498699821,0.13524102060982857,1.0829723710000576,1.0707970067186579,1.1591515699434503,-0.7462254268672304,-0.3839239022094795,-0.1429077894223738,-0.20103451485844817,-1.111882706353245,-0.1266066397323745,0.47839741001114555
2019-10-13,1.1105698160529918,1.1220092770097436,1.2159332023549607,-0.4052606606537361,-0.0410946404072091,1.068359339345883,1.040610369364751,1.0101740438631341,-0.05322661872221344,0.13316453057828068,1.1812743752050612,1.0788114500076968,1.2935008705756077,-0.8622447375193587,-0.19988108464996585,1.0955969214130368,1.1094279978076182,1.0948583651792474,-0.32598455467999565,-0.18102252039102318,-0.3336456121215208,-0.23682192360007,-1.0722804582030594,-0.16281901935123363,-0.031245080151802614
2019-10-20,0.903800660153332,0.9871896540495257,0.9461658866601054,0.24989103293155568,-0.847480757265051,0.8746013666026141,0.8655298533354105,0.9332169219691487,-0.5603826467716511,-0.5145724526139471,0.9024504604012998,0.792021584966941,0.9538397420395509,-0.6655307505627046,-0.22554078439605682,0.9078634061945184,0.9947659677216605,0.9258694821910584,0.07883691936828442,0.02500369909919151,-0.554710689561177,-0.35405705769346185,-1.0662496254254838,-0.28397302714277683,0.14517549158931842
2019-10-27,0.5774164574068696,0.651638957966803,0.5368274392574016,0.7759870826419563,-1.6867984024111722,0.4722860367166319,0.6151310339009938,0.2973113345240419,1.8006221431940321,-1.6710691317420472,0.553037677354932,0.7072529573252803,0.37257611002757995,1.650318821521466,-1.1923035858409632,0.5034130755818381,0.6614689458199704,0.4869702722204982,0.7237856796248459,-1.0249530789031833,-0.6434424956122567,-0.5284393588989827,-1.2213670445187634,-0.45205420612524766,0.31192126102727286
2019-11-03,0.12819318266474844,0.23852978084869345,0.2143501935525888,0.19420671749659105,-1.3894534402680925,0.047088676236355646,0.09543340007152225,0.008727229292772011,0.43222304450312654,-1.5140292868166694,0.04811831670617455,0.009792137745520943,-0.030874677881895244,0.1637445615166556,-1.0944863332343913,-0.053642506751470455,-0.07280397005011204,-0.21019314245400728,0.6819819397081125,-1.4246550011178427,-0.5651300413639784,-0.5447913378285874,-0.2567903615215384,-0.5583540860356369,0.1552443507632384
2019-11-10,-0.7542417834574775,-0.8986063173028316,-0.6190969906849643,-1.3399965923039272,-0.07571026049738674,-0.8304007159170744,-0.9184714549021863,-0.7092151768151597,-1.2362938058001096,-0.3172972343666055,-0.6750852445385888,-0.7516841313984656,-0.5858900672174872,-0.7794647818034668,-0.4045121951517561,-0.7361789805187218,-0.8388515352161191,-0.5857374268651043,-0.9615496550598202,0.14341253389055367,-0.7341378574825526,-0.596491129329755,-1.0682443997504398,-0.5370468960685703,0.18997129211120098
2019-11-17,-1.4100472057144513,-1.3885454017630432,-1.3152033474972713,-0.5347909062169705,-0.9526608773498878,-1.516574388139532,-1.4700268606936173,-1.5024818369497592,-0.3825028388987923,-0.7110926031830647,-1.325413778825616,-1.2522160045675195,-1.1912756373621884,-0.45857944358354336,-0.5504644673412067,-1.4052509400444642,-1.368935047084418,-1.2773770763704955,-0.1107928224964679,-0.17090133205689734,-0.4676457148274599,-0.44030423500925087,-0.9169866780287872,-0.38214503868876853,0.3677379717175971
2019-11-24,-1.6351960609020504,-1.7640863610096968,-1.5419181449498018,-1.5842732065758771,0.10230220311471426,-1.6498708923316714,-1.7559449310945088,-1.5447394646964843,-1.4552878057057144,0.2912355432602234,-1.5313374615180455,-1.7707814948212772,-1.254970755773951,-1.6459917659013332,0.22626504357511892,-1.5314834196571012,-1.7158369354261718,-1.2690327274244158,-1.471941156241663,0.7401330265885467,-0.46303045244428576,-0.4111011890703187,-0.749432967975733,-0.3671461442423925,0.046830564506373545
2019-12-01,-1.9430596857408386,-1.5099984936568625,-2.213846694094926,1.6725158863579368,-1.66908600691175,-1.8854387017155425,-1.547088492969471,-2.110294116025778,1.686768411392977,-1.773352529210826,-2.093110141594677,-1.8249700793898214,-2.2164817996218162,0.7870415291438962,-1.0270690037062011,-2.0499009837705877,-1.8241349072257125,-2.1385918347408963,1.143837341833955,-1.188695114405245,0.501911508546948,-0.05297685535276056,0.9839136671394306,-0.4408418868009246,0.35618350445629926
2019-12-08,-2.724365593725361,-2.0859283985806716,-2.8429118465146455,3.1141917171008844,-2.7808123787051375,-2.690672828812821,-1.8072878739675013,-2.8324193720893045,3.148811871675968,-3.0668356587458288,-2.746828866591033,-1.9822312758792633,-2.8628411928296944,3.0974710386936697,-3.0327492962179448,-2.7040183789099506,-1.6618499802278768,-2.838700270184447,3.179429018877789,-3.1369415173262936,3.289593345007714,3.295642245156011,3.0422615624847587,3.301289581089435,2.2907940720916224
2019-12-15,-2.3314870413488094,-2.745551782555161,-2.145472663090549,-0.7666110544697103,0.2914754780971689,-2.3459940253317315,-2.7901269267931044,-2.1492842908624734,-0.5678097541112201,0.3318782443737964,-2.2905408214688063,-2.7761881270843314,-2.1113179545740097,-0.7500429368807232,0.49363908686251157,-2.2831174885693226,-2.8012552400193895,-2.0750436577408937,-0.6581097486845198,0.5416695404955146,1.0613594102195396,0.31368308212896107,2.670589284950493,-0.08443440814944896,-0.22189467286781958
2019-12-22,-1.8018392517602437,-2.0184558724488233,-1.7011735346939794,-0.6950138240626211,0.3230060781147349,-1.8249941945671626,-2.0688765819462436,-1.7044053600356956,-0.6904746969751436,0.43593689197005386,-1.7825397875846418,-2.0284104145700224,-1.6744791709161764,-0.6987829089817549,0.5666323160915885,-1.780157318141237,-2.0351327238993924,-1.6651598535498808,-0.5650952977266475,0.37505884195027483,0.17455539080581697,-0.07695331105393721,0.37648822840589463,-0.14498591569491634,-0.9588019850543207
2019-12-29,-1.5240132838137301,-1.6397628759665885,-1.5153775077497502,-0.3255275535599442,0.10501464334360307,-1.5268258383921691,-1.6708120340426158,-1.4943934675326178,-0.417873262494832,0.2522667414549242,-1.5139768376762903,-1.6431141972057575,-1.484476612194967,-0.3483371876004722,0.14426577064209353,-1.519984472780932,-1.646354217554255,-1.4806417944496026,-0.31307059364670425,0.1727377305765329,0.7768120275419228,0.36731657111200494,1.675163106640139,0.0916902837127045,0.5221633748889579
2020-01-05,-1.4181319042474323,-1.4841261568787318,-1.4124829120741216,-0.28802164525484,0.08059370466936366,-1.414218059660727,-1.4639263717310576,-1.408176343917225,-0.17283473187901266,0.027758040937516215,-1.4007418028540595,-1.4663338808176476,-1.387661789702181,-0.2477962735651073,0.08422361384280296,-1.4141834504257078,-1.4864958180415655,-1.388060409686298,-0.25703139784976026,0.18888744756062054,0.38713798098391344,0.168176940438058,0.9459785324317589,0.0032694442510156213,-1.291239537104511
2020-01-12,-1.2952381244677869,-1.360962927389348,-1.245267921176087,-0.5562824892000305,0.5209160143457588,-1.2948619898585538,-1.3770489066772937,-1.2358826649482682,-0.5432612472550238,0.5566534363785679,-1.27840714139127,-1.3702345581874908,-1.23604439196759,-0.5579934423484737,0.47894800416463046,-1.2840893643799383,-1.371735841943214,-1.2323088000137854,-0.48448947858111946,0.384002895828424,-0.03869903283813554,-0.16794589614527897,0.27956754970667247,-0.23674175816361087,0.847589208908927
2020-01-19,-1.2027905516551285,-1.2281332929449904,-1.1782837440468967,-0.34185928487398776,0.24860891756264633,-1.2173612922512675,-1.2496669846719661,-1.203719725729214,-0.32225295844647805,0.25768297353306224,-1.2215272258091625,-1.2606536957644783,-1.2568047705182976,-0.21193535678638645,0.12267593391499226,-1.2296770955742076,-1.2773590115483342,-1.2369975839015803,-0.25132195063892226,0.16441332309977744,0.024534432115514503,-0.09233759742481501,0.3227101224267618,-0.16007040342689083,0.21659957969885987
2020-01-26,-1.1916346103325233,-1.231678578125705,-1.1392538057640482,-0.5139771190130658,0.5842374340527352,-1.1865747812039014,-1.2285453129589186,-1.1521603866902945,-0.41179773279174114,0.4977094916501716,-1.1711590983606526,-1.2216915820284193,-1.1357543251328084,-0.4373806297987398,0.49874188213017623,-1.1745848748190904,-1.2186628140567688,-1.1424719227358233,-0.3721364435468395,0.4905988018065116,-0.44462165973890766,-0.39017775570351604,-0.42496572993093173,-0.3486020896289249,-0.5949579116847342
2020-02-02,-1.0555551787009063,-1.0030954420001301,-1.1021046785713822,0.15817065881431921,0.8902487749693785,-1.0213441708468038,-1.0120843115709859,-1.0409520255044393,-0.0851694743097751,0.7726533565791713,-1.0712514268871351,-1.0356833202123514,-1.070593974607182,-0.048945782987811236,0.6593791692968245,-1.025229754176553,-1.0013525612495846,-1.0848558823617442,0.08779599966370097,0.6716094879435157,-0.05500465326096902,-0.0006366818856738001,0.31358095870780334,-0.05522602749868422,-0.31736257816074676
2020-02-09,-0.8627310958087362,-0.8758655922700954,-0.8410524115847415,-0.31908110807201395,0.757297493441317,-0.850980964749255,-0.8572255180773248,-0.8582559444015405,-0.2126611467372469,0.710319121124316,-0.8410618725891269,-0.8634104396081973,-0.8292287318032907,-0.26908409206998896,0.6921535716095492,-0.8335831039878769,-0.8514796118141305,-0.8044697280465783,-0.28378221469127196,0.5811678678472549,-0.6609673280269446,-0.513156128257237,-0.7176043570906713,-0.4323866169371686,-0.1348179171073751
2020-02-16,-0.7928400744286561,-0.8201721047720542,-0.7263439216276358,-0.5074304139962547,0.3184574610512993,-0.780436979635234,-0.8038470706862444,-0.714000694834193,-0.47092673054706946,0.46662341059228885,-0.7708186138057619,-0.8244083631266531,-0.6956001367100713,-0.5239553633460816,0.48938179029747475,-0.7731012810117238,-0.8109521385490309,-0.6891282155798429,-0.46991522676255276,0.5007926112474654,-0.5455989979252318,-0.5288042317319096,-0.09162629715551808,-0.5487219237743403,-0.28122925550824696
2020-02-23,-0.9178472125533205,-0.7893609316624702,-1.0639227344874715,0.08429002740658281,-0.2516982697924332,-0.8845522102979769,-0.7432309107429638,-0.954785580011958,-0.06350628781966411,-0.08903405175925953,-0.967667937108315,-0.7794248867433738,-1.0681494257660364,0.11251620833611423,-0.17573059611546477,-0.9498104255012605,-0.7841706601413876,-0.9825492605776188,-0.09535319410799849,0.019462867406543804,-0.26422522126236797,-0.2566528367361851,-0.38443015694286164,-0.2190991362776267,0.7129714017057072
2020-03-01,-1.4083738460981008,-1.0498065216758532,-1.5198612262191686,-0.07017471810488088,-0.09523245874053321,-1.4228173494710872,-1.0163154476011356,-1.5477178250316557,-0.15793522698689977,0.057001935110666625,-1.5163988883658466,-1.09979796615317,-1.6118097233012978,-0.11163886579295393,-0.04678825718984249,-1.4845337134612213,-0.9966359028377763,-1.6095887826817536,-0.0679532453618682,-0.1004203564174603,-0.16026629710054835,-0.2336194050841021,-0.06037735052942494,-0.2370425433768928,1.121081980247646
2020-03-08,-1.978971570062588,-1.9148270377387957,-2.0850035587898446,2.044389953471824,-1.5651172240447537,-1.9542489232359803,-1.8052904484066004,-2.1413665618310413,2.6131235933831776,-0.7681352036948221,-2.0242229707209547,-1.8972641654027225,-2.110383056128632,2.2517642620581397,-1.752963251966546,-1.9712542569363307,-1.8894750934704765,-2.1520970023924155,2.4418688102399453,-0.6522212973411233,0.9235688622137581,0.21526319698945268,1.4295473618211194,-0.8352411515594039,0.025948509687072914
2020-03-15,-2.1519605196680995,-2.223704246515376,-2.0967108090464834,0.7758729869125367,0.19876919056367115,-2.147992772680043,-2.2107545252021485,-2.0504387173502105,0.7249158713833734,-0.17632502946644202,-2.1759142942845213,-2.2536315574076653,-2.1412347342026723,1.0152778358757828,0.3795169523558246,-2.1594418308961347,-2.3010197661566494,-2.0416017013950047,0.09638484019451679,0.38608693632229674,1.8957668050365422,1.1452822721515075,1.8131411630897154,0.29700962321600616,0.5851646185858298
2020-03-22,-1.60584905786246,-1.7067335912741095,-1.542168191538149,-0.08799184619522417,1.572620403649185,-1.5833700275753007,-1.6505892263565864,-1.5981210723753851,0.7499792840073977,1.8628852737148003,-1.5082470611626562,-1.6205986069985898,-1.5294925796942607,0.5275576211759159,2.031132698555055,-1.5461677162378538,-1.5832480555143549,-1.4997318418472043,0.3406306242463729,1.9391187496068258,-0.5810580268071768,-0.4386984013368546,-0.8564586682456202,0.01520488669167282,-1.5482599225754543
2020-03-29,-1.5707952458285226,-1.4530352496956829,-1.546336935280141,1.3363474340157815,-1.376371740112333,-1.664155341491897,-1.6024485064312006,-1.607566660141221,1.0656265556618234,-1.6096313420797475,-1.560709569052875,-1.5094016672463757,-1.4827891820027101,0.8565345585611732,-1.2240405293789598,-1.664126170152726,-1.5967316698574883,-1.5431518465486584,0.5202304671359685,-1.394454957762724,-0.35550909185546825,0.05456141019716342,-0.23368822176970647,0.2754340804309663,-0.5743167450211796
2020-04-05,-1.3415761298448918,-1.3259583161444137,-1.2899867255408684,0.6607653534521927,1.7848260678739112,-1.29774349358175,-1.4061518374650115,-1.3339376931488363,0.6803730699369702,1.787675203168697,-1.260895088939975,-1.4150598732519626,-1.159786826369949,-0.5022404692110315,1.0865572094554743,-1.2949514460639908,-1.3111219889165797,-1.2353933997185305,0.2864610439468548,1.1418585984570397,1.03272392268261,0.9640788114463253,0.45432955666526875,1.031627857933047,1.9731033780270812
2020-04-12,-1.1074327876981833,-1.316330242213358,-0.8784401291410178,-1.5704799967350898,0.28619787998439944,-1.1250013320453736,-1.2474074761156797,-0.9544481007699003,-0.7770285257048679,0.09011942896632326,-1.0542129215732035,-1.2461150450955831,-0.8580015135283774,-1.4798348565852444,0.46380856218125777,-1.0667294725292915,-1.1614002224640847,-0.9283382332973649,-0.7943344056572917,-0.029422945159293428,0.9700227713407098,2.101559481785449,0.8239336351376073,2.331120743224831,-0.7363719250448636
2020-04-19,-0.9913604334466802,-1.1329250333864116,-0.8330328074165012,-1.058088141938807,0.20757563114667132,-1.0427941756148047,-1.2166831516685928,-0.85239420876192,-1.2336883005003336,0.032842227009514495,-0.9161229699461906,-1.0810799557891728,-0.7349223892314196,-1.2782060991972761,0.19135735298480172,-0.9754025374738221,-1.1226518344156875,-0.7951664422245263,-1.2958891865840332,0.35921517788520363,-0.7945717744588393,-1.0953775119766622,-0.15377034667584746,-1.3537258427278358,-0.45666793835746267
2020-04-26,-0.26534754259644044,-0.12833586099483377,-0.5708259713352304,1.6310370902867075,1.9271268696493689,-0.12680744660022955,-0.07795300651200951,-0.4101319598577599,1.4030963457482624,1.7190074466887324,-0.17610014955681766,-0.10411864099398511,-0.47676593852863924,1.4024725765989727,1.8928438516109924,-0.08084499682724103,0.014705554984987807,-0.3231648647048615,1.351531012799773,1.7222517123045868,0.5225064328390147,0.29299358065419917,0.5760989625920279,0.04822142586761804,-1.7020580614349028
2020-05-03,-0.03996893684010349,-0.08815069461621738,0.05440167403215926,-0.4719496402887996,-0.11624166713409743,-0.015958820770989066,-0.05802818947923504,0.046762912245176994,-0.38414109749853,0.31070838315358534,-0.0129340191006217,-0.13567859699306006,0.1224063069050557,-0.8469931904636617,0.028899725608080823,-0.04143065840383758,0.026389159246756794,0.0123966603850324,0.04893166262206553,0.5861134746620118,-1.1118859359956237,-1.0729828213981858,-1.1812695445855657,-0.7194889261933787,0.012781095956811242
2020-05-10,0.08602333512746986,0.0876844157079299,-0.13662124777574117,0.6476720262551625,-0.5060346291697233,0.05629760772172208,0.0,0.14883201202140214,-0.496662445500829,-0.6878498192599324,-0.0006148960764779522,0.10112123218693843,-0.1287929987072549,0.6462918782573476,-0.43668647598376764,0.01804661218990351,0.050901485608180634,-0.05667716787332626,0.35277202974956634,-0.9861321967564339,-0.5645389508202641,-0.3922833760915996,-0.6257437323284439,-0.1438062026716959,-0.0925202821681078
2020-05-17,0.32153704079814355,0.18752387414496402,0.6100360265727344,-0.9527098892689656,0.5728816993989179,0.34552442156676627,0.18977631633635483,0.4955915766677168,-0.8606379970309017,0.6345359033027246,0.38363672922338343,0.2727461110444618,0.5116903540372895,-0.49418718738567924,0.7065381570917366,0.39373373566021863,0.2000632041765097,0.4935850492334429,-0.7666830639536701,0.825520565436553,-0.4762951434491752,-0.053220384929032104,-0.6796102401585125,0.37739927813888474,-1.7852207704665497
2020-05-24,1.576654007096698,1.5392445285456204,1.6088142806896426,0.00397965202852869,0.3458241316456651,1.6006456472663078,1.3791262042714059,1.787430960464905,-1.1720821441057367,-0.18338529414006385,1.5435109099999005,1.3316842696348394,1.656169191633529,-0.6140178610272183,0.2782198082262155,1.6252683344417618,1.469945105257956,1.9278469680762207,-0.9034470501805195,0.024662243615874335,-0.4067656945808582,-0.7420907335970678,0.11188279716795102,-1.0228198419079517,-0.18635051630920968
2020-05-31,2.0466546995938883,2.234320820001196,2.031437397521084,1.1429966003759786,1.4941642868396037,2.0944519988991304,2.349787734657896,1.9787566594972104,1.2926768837739238,1.6335952925969444,2.136869199027065,2.300885082561879,1.9580880369753664,1.3463044240320434,1.6293080801548099,2.077550852924642,2.1757657652505897,1.8787225226935662,1.4830332674941695,1.973109288089084,-0.35253062561611065,-0.1590195285982912,-0.7007774225638319,0.23502896077792304,1.5500882065812305
2020-06-07,2.0960635874572775,1.9972662841076945,2.0325318432483184,0.6346029286637227,-1.0832477921600847,2.1496973236727683,2.3508715990099445,1.9259306657272135,2.2626058698533624,-2.130771941374502,2.0263971956203997,2.057795510533371,1.9934821002723366,0.980076419619903,-1.5257719630837407,2.0390567916006277,2.374451230266987,1.9243009634448431,2.6010342566087385,-2.296983608325574,0.8762508161734015,1.4386909506208434,-0.9931863528907308,2.0921401621284987,-2.2147182847703477
2020-06-14,1.649995799325386,1.5540542608715169,1.5490487793057475,0.6909895109645964,1.0872519042162618,1.5499607546997856,1.3118019000610337,1.6383750685596523,-0.27669293202523354,0.6174681076859823,1.6363530200727294,1.4146201142996717,1.6387597022203153,0.008784919681803626,0.675894965252513,1.6038182730035189,1.2365864359421332,1.7536564586070191,-0.4786514551478431,0.434446058109868,-0.8204244122051206,0.7285322706549975,-1.3775702564181744,1.2122779636655374,1.8214611671393537
2020-06-21,1.4299600245401098,1.187092458428641,1.6686351716853816,-1.162524947302014,-0.12149449371013125,1.3883308986320315,1.3746351535585128,1.4965036698619112,0.2748001337005749,0.8769195732391284,1.474239289591882,1.332511512881801,1.677733860156261,-0.5824344480021079,0.1718389886703262,1.494433934954363,1.3654369863884757,1.6525347462950877,-0.05369063965226327,0.8415444674923896,-1.0894085750902749,0.11814734571001045,-1.297080804092009,0.5670646175018645,1.319251416638512
2020-06-28,1.5786508844620568,1.4139460999930693,1.70701457515417,-0.700134005721899,-0.4183765456626809,1.480666798864633,1.2032052962172377,1.6721668447638736,-0.9831691238600441,-0.0882699134313355,1.5541507419934093,1.3621079434116432,1.7740145045991842,-0.9816432208745725,-0.31830076466501217,1.4396789863551065,1.1097944997292617,1.6383607426985491,-0.9877083475542398,-0.1205142244702491,-0.9618068148189187,-0.8805280959584545,-0.7264950016558562,-0.6549295984457612,-0.18605619399817638
2020-07-05,1.3682659589930657,1.1393620852652115,1.6057576790928911,-1.3966528253583863,-0.4046409699346714,1.2966569004204613,1.0675716115476452,1.4363890231541268,-0.7741680164912141,-0.6031379953737342,1.3816131601304256,1.2461974807013627,1.4893853581774879,-0.6439798688885345,-0.8203148290959995,1.3000197248146796,1.0630011053312451,1.4063130715077952,-0.6032230911970338,-0.6846115849349952,-1.4822102254471876,-1.4664882334631724,-0.8620707477510702,-1.2684818049702526,0.06535323979654471
