Date,GPREStock_Open_average,GPREStock_Open_max,GPREStock_Open_min,GPREStock_Open_volatility,GPREStock_Open_change,GPREStock_High_average,GPREStock_High_max,GPREStock_High_min,GPREStock_High_volatility,GPREStock_High_change,GPREStock_Low_average,GPREStock_Low_max,GPREStock_Low_min,GPREStock_Low_volatility,GPREStock_Low_change,GPREStock_Close_average,GPREStock_Close_max,GPREStock_Close_min,GPREStock_Close_volatility,GPREStock_Close_change,GPREStock_Volume_average,GPREStock_Volume_max,GPREStock_Volume_min,GPREStock_Volume_volatility,GPREStock_Volume_change
2018-04-08,-1.3951127748853234,-1.2547384924516256,-1.1208387011400809,-0.21596734594610117,0.7279985500416774,-1.2742391227092755,-0.8533787523422572,-1.2762963636448186,1.0381899387345297,1.5848854944018933,-1.2679769409326556,-1.0544622187493151,-1.0819179232166605,-0.005161414291908394,1.0418949732786376,-1.1736503476459463,-0.7027847645096016,-1.2396628699761196,0.9840869040418734,1.694302090353617,-0.6481688335066436,-0.11514763206559002,-0.9172466454395073,0.20129019035854048,0.870663562583434
2018-04-15,0.4018636437787844,0.44254661630611375,0.4444485270665106,-0.04983588104638371,0.3723042255887703,0.40198284063261225,0.3336661257206699,0.44925668128617263,-0.3142564845129674,-0.19717222492655095,0.4334032159636607,0.30355402636834544,0.4506000308106147,-0.35778253813042077,0.4320012879406421,0.4283216423097788,0.4893401852684957,0.5743207910078787,-0.2441134077490801,-0.1970189284058979,-0.2119304761233757,-0.4099909586120833,-0.5197443896286691,-0.2725842825990992,-0.8005617918151438
2018-04-22,0.24520049624110135,0.2125264444609447,0.3981905699339212,-0.4148032771092726,0.8070112144491491,0.19214123265187252,0.05702966944715367,0.22860793004436594,-0.43596723257006115,0.7296584834508586,0.24438126056216772,0.2993670090388053,0.3931275886655157,-0.23316817968011885,0.8305634583609929,0.3498776364313029,0.16163173753210802,0.34166878562946784,-0.3965218113088162,0.8556666414620235,-0.11952880175557001,-0.21798842104429172,-0.3464833547904215,-0.11052127216595492,0.5230316039886326
2018-04-29,0.2754688369608273,0.03337769255814723,0.38296916978404233,-0.7306011854998478,-0.7778370222053204,0.3041237039606693,0.18345966543583916,0.5044546315876081,-0.830223179914005,-0.5003192533485679,0.3177765195336894,0.11701732883272974,0.34789935382964415,-0.5745168892987786,-0.541433678086489,0.2372116077070422,0.07493465580907936,0.4090479940519292,-0.698917560089276,-0.7976425508561507,-0.6965702851921185,-0.5330855304575378,-1.5113222358534462,0.031226249085746127,-0.6922719370420993
2018-05-06,0.7069886891985875,0.792221599529769,0.04922542033817046,2.1303612831128387,1.5614963210304955,1.074289743859155,0.8897116953069857,1.2486640730734757,-1.2039402379399617,-0.024037182550732835,0.6881587818483476,0.8753651397123087,-0.13144702548538817,2.3250395148272758,1.6008552801952722,0.9668424729971534,0.7300833465023236,1.1553241811222412,-1.1064501158175957,0.6458322338177841,2.743222238239161,1.9440789186244836,0.9014490993587911,1.70509036460692,-2.07646848481503
2018-05-13,1.5943780788495543,1.9040655587687836,1.6305131768115866,1.5317191910886636,1.8400827388106298,1.6590566034773297,1.963898213195784,1.5801900382966403,1.5850573957717737,1.854181055686096,1.7037815066852833,1.8323323194204757,1.755123585368697,0.8180895984475369,1.4499305474436588,1.7468647472179515,1.9012792063278758,1.6424888927188603,0.9620223727083941,1.504106373685841,1.1214118777015398,1.1492335079599563,1.0909578643857278,0.915438172206303,0.3831662738911959
2018-05-20,2.0431959446278065,1.9837045473508046,2.187891063344232,0.14431842911420217,-0.43000499715741997,1.955929958549472,1.996187325106814,1.994728735336739,0.6997449311489645,-0.9666459157067318,1.9549083719679745,1.7278053400051119,2.0863732945066884,-0.6508695137424296,-0.6094181092725917,1.9838297853373843,1.9432030571123713,2.1070904367259047,-0.4223415114399667,-0.8744015492688059,0.28949941567958326,-0.12449017514672124,-0.21093708517225604,-0.0778227954452057,-0.6314231251682714
2018-05-27,1.7895322299515295,1.558732803710947,1.7746034420736638,-0.44105998952693803,0.9295860780761512,1.735011733776117,1.600381422739672,1.7776149333417848,-0.49696912322870435,0.6588418295354898,1.7789727177359063,1.68791024329543,1.7892556583145998,-0.008945939588577461,0.28528941027708404,1.7080113912656416,1.5858823925645902,1.7182428457453935,-0.5998836903382861,-0.1955881760951921,0.9837247194361829,0.4453079519114749,1.674338880409563,0.05218809073210248,-0.09721479093207562
2018-06-03,1.2657171794339828,1.0463436092442762,1.4820631177570598,-1.7838488553952419,-0.5228391335405328,1.1760263891103184,1.045676205073774,1.264045625063249,-1.029305542665213,-0.5655850086949553,1.2855469027964612,1.1171826173336086,1.3974022124557375,-0.9663397711972072,-0.6410084677038953,1.1821326852261855,0.9892402382580323,1.2728537526383314,-1.4143558516945518,-0.31950726344438934,-1.1500250026397225,-1.0070359704489948,-0.8829848722495703,-0.869781406139888,-0.3828580671158152
2018-06-10,0.9287075134196024,0.8593982788624189,0.9386656887634569,-0.32109358043143355,0.12407450843489701,0.9397645934179925,0.8558684290103623,1.002593058365067,-0.7582925593845374,0.6043098188177978,0.884403372235297,0.9547804969889099,0.8573634432706854,0.47942373330157056,0.0072737830641097,0.8766611537287397,0.9148546195379941,0.7987132637072738,0.3889222341312983,0.2763670291748802,1.1710024880245284,-0.08314881117912266,2.34638496726138,-1.1064324081066093,0.5158076843978786
2018-06-17,0.9234462729138774,0.7960946581377356,0.9580834204903567,-0.7224605559707304,0.10771602787533092,0.8712434083090047,0.7383971618466004,1.0172591219723104,-1.4448477790143446,-0.19936286046045662,0.8847118683969293,0.8128501534212353,1.0354945068369728,-0.8228245931274606,-0.6075091308624471,0.9044287486551493,0.7865098640846878,0.9087321257301468,-0.6598805548733445,-0.5594849804045657,1.1366501246459744,0.6503806902383815,0.16119571749123718,0.6589851976224994,1.3817709895497914
2018-06-24,0.15577137928356638,0.3973234721401734,-0.4165756296812188,2.466488920549918,-2.5414672579180855,0.04514232371917372,0.3094202097365257,-0.4558172340808016,2.473088485561554,-2.35369734515571,-0.05458923232034656,0.32579311300244157,-0.6258310864814692,2.515248445010787,-2.4265087238076126,-0.04169664276179247,0.28680614246554803,-0.4919648017510802,2.450143734362057,-2.071616787036341,1.1848930240740925,2.346353961063901,0.1556405279953564,2.4635299973222264,0.9072881200163675
2018-07-01,-1.2653026824600904,-1.0622665529995265,-1.139048616180419,0.4427630280663979,-1.3030242446319067,-1.4120481765424222,-1.2474111443466478,-1.3425948367912093,0.6753335912301278,-1.102174509744363,-1.421429305817535,-1.5973321803200426,-1.1894080405320278,-0.8723830878764017,-0.5123460132020693,-1.519615607530769,-1.816054791100544,-1.2796111854780292,-1.3046104552703435,-0.1692311760369722,0.6797857147592032,0.1501990888034043,0.4793206849693856,0.004501713628372822,-0.7398871411836915
2018-07-08,-1.6310474917725355,-1.8604002111697175,-1.4388506051767653,-0.8719288209415964,-0.3195382628704901,-1.7233362438363624,-1.8244320243847008,-1.642423449294314,-0.32088516219245883,-0.17723072412786972,-1.594438106724021,-1.6172591650283192,-1.5192993832404036,-0.06744221588643241,-0.8437313021548953,-1.6978425906203132,-1.6258682548938612,-1.770800518486328,0.48671025103835497,-0.7207749324911267,-0.7195983642586482,-0.794950494963359,-0.18524512364993748,-0.7853955323652574,0.03395129801904878
2018-07-15,-1.8720403931012801,-2.024790070093862,-1.6630964131631003,-1.2117269547371916,0.07133657865343182,-1.8722425690599025,-1.9821105737429343,-1.7152978465154336,-1.0076149588913732,0.21720451160509519,-1.7817804212582236,-1.8471925209732654,-1.6420326015040696,-0.531245553662437,0.0792744638192825,-1.7967893135584165,-1.8381857782600604,-1.6607823389359244,-0.8105003851698936,0.07689420080924665,-0.44373173851190384,-0.9117687751814841,1.1194254831831956,-1.2619515773289094,-0.15408614309338345
2018-07-22,-1.6536933776225338,-1.65611449471906,-1.5548675562347825,-0.584869163633469,0.2938762111998258,-1.6304795855211494,-1.6392847370001074,-1.598508119852018,-0.30474998260472697,0.724017777497481,-1.613407657450104,-1.612709012825061,-1.4697697789963582,-0.504405868036852,0.8062347549952044,-1.587067986626935,-1.5132817739744384,-1.5906303452106323,0.16510193031238465,1.3128124404289903,-0.03348517921196172,-0.631663983859029,0.7358649592155618,-0.8472024246046699,0.420147378636131
2018-07-29,-0.9975915888912621,-0.963526077770206,-1.0795174553012317,0.2628439152080573,0.9019434826307269,-0.9395486326943837,-0.866610190893052,-1.1021615714089223,0.9076718389676187,1.2771823264098305,-0.9513750573626296,-0.8640789251119978,-0.9993498917615895,0.4538727648311022,1.3252664101871434,-0.9472111917385329,-0.8877289998873105,-1.08038259176197,0.7476223246032441,1.3495347976269143,1.7985279314706852,0.7580006495023791,2.3972272322223067,-0.07475475671357257,0.32619026820823266
2018-08-05,-0.6053144599890284,-0.6054696411995522,-0.522137595024883,-0.38442354078645735,0.02254038876388671,-0.5411713965895659,-0.6487942961836948,-0.5635070111024806,-0.35361984124782203,0.6483385997650137,-0.5339524111584693,-0.5338062407364341,-0.4044059787000247,-0.4720404759145962,0.09792612642606403,-0.5261067153951322,-0.5833056274346301,-0.46080193028942346,-0.5105814270874296,0.5992999923672141,-0.019547161471090164,-0.4718378561899244,-0.1836545992839285,-0.4050045492820757,-0.9914737239653306
2018-08-12,-0.6067440210059417,-0.5736976598926691,-0.6035922336725343,0.04958287208278181,-0.7860137768107159,-0.6011513668777226,-0.5892655005759885,-0.5860965955198179,0.007646429505064489,-0.44716178177024085,-0.6401816316313523,-0.5966482085615724,-0.706200705363862,0.41859441904863093,-0.4547798151799265,-0.613371605481531,-0.6592114001281068,-0.5576679417142036,-0.41715575790818926,0.07087568086660827,-0.6955795837448004,0.39054862173508803,-0.5904234884785547,0.6157228943742777,0.1864072507682576
2018-08-19,-0.20730506978466534,-0.26844825926912874,-0.2699143497234168,-0.014234785307051818,0.7700469385251352,-0.184383685524259,-0.3094251493440417,-0.09056166239448571,-0.801854982646984,0.29150929589567276,-0.10968117948676104,-0.23669563003254432,-0.0891174996746665,-0.4988912973004092,0.7133886619294685,-0.10812095948581575,-0.21201949197128953,0.06085042481951242,-0.9786806486608071,0.1467949954657379,0.018865098131660867,0.6106073156849966,-0.8545058824746096,0.9066134432800672,-1.6958190541490505
2018-08-26,-0.1984330888165417,-0.28640506157912793,-0.20580408642767012,-0.2695747424331188,-0.3292101572654824,-0.18954171353898075,-0.21644490370537248,-0.1602589090499626,-0.17409729316730754,-0.2852319968072101,-0.1451045929657998,-0.10278857760187861,-0.12336180292795404,0.058286820719688145,-0.7008412665648286,-0.16093951441697132,-0.1971400029254389,-0.1583693894906829,-0.13049075315477587,-0.250896359630549,-0.7816534151303924,-0.2938039871985768,-0.5291675943102196,-0.08941132085885858,-0.2375245331272031
2018-09-02,-0.14279126603334252,-0.2907691323657166,-0.1594574555948422,-0.43956675010172996,-0.45577779265509133,-0.20719031284457015,-0.2663782767271947,-0.24111788167856593,-0.07916783351887993,-0.6508995416854255,-0.19280798163939897,-0.2215411904695126,-0.1673130436559901,-0.18237671796115185,-0.6565805715405412,-0.19980284243455818,-0.14024821061757514,-0.2087667001917668,0.1652330396512724,-1.0154428256975612,-0.519920737127401,-0.6131383529176787,0.14832920494424168,-0.6162220528278418,0.8213757981308291
2018-09-09,-0.32810917843709697,-0.3347907866843232,-0.16579319350510693,-0.5013412520562082,0.8212897822926495,-0.26379380975656164,-0.2184555138248073,-0.2419415877584331,0.033900002001249624,1.0329051695053044,-0.25418390607113217,-0.259216306488518,-0.17471795946916388,-0.23170055610789417,0.9985019573679332,-0.16966041907156762,-0.17047459885769786,-0.1442845423948816,-0.09062692782584035,0.8074143134892041,-1.5324422385820762,-0.9042753891345204,-1.2136355918515118,-0.46137227822142346,-0.41373379682585426
2018-09-16,0.03585115850634237,-0.05567744360229041,0.2432224496916739,-0.4143849263318245,0.07181609997076686,-0.0030507258765726727,-0.09376060626844238,0.19471381460568776,-0.49708506920774215,-0.059054190322113245,0.01705592796017781,-0.04564343574612724,-0.11338529250035027,0.06091247238230744,0.06688529857966839,0.004071158429147265,-0.17045339074261442,0.1046900961746681,-0.4833436150711476,0.03111031005894484,-0.7720980096617355,-0.5560361378597182,-0.345078031375584,-0.4291969358357994,1.074865341797405
2018-09-23,0.4686257124643441,0.41325630063006696,0.7284532392492689,-0.4849149996341454,0.3358854302881543,0.7062776469477057,0.6388374017290176,0.9784786097653998,-0.6606554856086245,-0.6769460681792734,0.5310755379122338,0.3010615533054235,0.8499341502148824,-1.3785960484152626,-0.2886552413502319,0.45359934882232655,0.5243581226709546,0.6337988358983159,-0.39877647016163037,-0.9441712862480031,-1.6893051628810634,-1.3922934518762977,-1.2283751887104208,-0.8147351354204773,-0.862629212738187
2018-09-30,0.500255503674099,0.6572353088549715,0.6600714074067893,0.2501665874785888,0.6565921188363655,0.593142059538894,0.5981697574515865,0.4168119035194476,0.49717179105187886,1.200772010903146,0.6459839075710703,0.409746910169174,0.742262415304144,-0.9268751171778926,0.5942376606802109,0.636930001985934,0.9319318374432476,0.6550532659765038,0.426067602410631,0.4814139734278992,-1.1736787106516784,-1.4797081146345537,-0.5390940348227681,-1.3871781673229289,-0.3498567045493634
2018-10-07,1.148081067300169,1.7071199149694305,0.9504357899125984,2.431757704535464,1.817660296265867,1.6235587328562566,1.878582492927436,0.9735143016363358,2.3346086751100597,1.1779765189056928,0.6132985646225694,1.7537196693798387,-0.7184212081070976,3.039983498963326,1.4248815104933843,1.1249782886524735,1.8709749679825738,-0.9530579842923285,3.0880969294382203,0.7169345358132956,2.9487732004734544,3.121796460586897,0.7737676052598058,3.1528271120658498,2.5241214370267024
2018-10-14,1.7176608756354992,1.6965960813101744,1.9904342305927534,-0.32914918069904936,-1.1864934625791854,1.459349612061589,1.4963669579174552,1.6121033316942057,-0.011750224218451032,-1.3244683594145221,1.5239116153377052,1.0526194244150822,1.5711437279467004,-0.5764115143216633,-0.9457523521459776,1.5175824698380067,1.4116882072070625,1.235012232119796,0.13494161629717888,-1.3329428302522104,-0.0767897299868933,-0.07211838882750893,-0.7630706789013616,0.07408628714827926,0.355808727135026
2018-10-21,-0.828757153663123,-1.007895112522861,-0.7253760209719371,-0.6851871895828816,-0.2786892973331072,-0.46196582201279435,-0.5091097142400013,-0.024585330153626093,-0.7204722087374226,-0.6563672537537341,-1.1876458736050919,-1.2267898403327244,-0.7547119850457308,-0.2788848711553644,-0.5411364756315739,-0.9730504749932389,-0.8260948971736318,-0.7215832424350705,-0.04420164275325584,-0.5599307689660289,0.11508016377729238,-0.06591969316593141,0.8419004715353033,-0.24228118615696345,1.0472564526701214
2018-10-28,-1.00893247956722,-0.28771925246330404,-1.2785314097480929,1.483093442949778,1.241762764436939,-0.8179165597459244,-0.13188398973559542,-1.2497807126250657,1.3548207918006787,1.3729753667373277,-0.9132905979564884,-0.2111898151018768,-0.6748843641506307,0.39917327647172796,1.7102699679390647,-0.7056427842697794,0.030388747711821224,-0.8044010264349079,0.6099790350420244,2.084742201882809,-0.5805594254792423,-0.6262130822280887,-0.4189034106763368,-0.6153768696329214,-0.3651271892222969
2018-11-04,0.12088438144670899,0.25712204870154365,-0.7277710036109406,1.4902022795281242,-0.9710217766548677,0.5299842546822882,0.35692597847702134,0.8860347004082053,-0.6015867232096822,0.12391809993475345,0.2679570964712084,0.23709354472054614,0.12741945919237457,0.07709397122305574,-0.8657574126326597,0.4631748066970519,0.33938122073507976,0.545972622705993,-0.15535335570221523,0.3644622962131276,-0.44851212482717356,-0.2585963511532512,-1.9324373343287176,0.021379664718801025,0.1964560957965291
2018-11-11,-0.6884854668992249,0.22684470642320195,-0.2640050259212918,0.7404630719958081,-1.4684563451209522,-0.8187530869327441,0.06483803217637614,-0.706674168162805,0.9411712369211116,-1.473279575725884,-1.1243188052443907,-1.3900655531770747,-0.35873030604371664,-0.8391419628851582,-0.3734950602281963,-1.287000735193341,-1.5344337308366687,-0.30031747693207556,-0.9512461567390007,0.23241517023325697,-0.5733718229962947,-0.5405778458714213,-0.5199875272251337,-0.5008082068002425,-0.6410301199854199
2018-11-18,-1.989532456374933,-1.6316518379046598,-1.9633397578001777,0.340171439170533,-0.6502080683099006,-1.8867905653874233,-2.0151647420299184,-2.0365779618731827,-0.6288113622954767,-0.7167692397500299,-2.257026328371545,-1.8923459303425783,-2.1555645278868947,0.1799668503695621,-1.1164277697426244,-2.254125447874038,-1.684983676068954,-2.3339725731479977,0.5178502737758854,-1.187068150797241,-0.061487289490322776,-0.1669685682771512,-0.5350359333630612,-0.09569317582767799,-0.47484734117910565
2018-11-25,-2.40731531830951,-2.3046476106280633,-2.2149883832542328,-0.8479513253114828,-0.07609407575262755,-2.17585799679184,-2.087046235053175,-2.3776117594657085,0.18403206389422724,0.520723833610522,-2.361754392796038,-2.304409770665554,-2.1260527158144544,-0.5027776046390867,-0.2399583004085111,-2.274227464757173,-2.0109177397768745,-2.0210982651189404,-0.10372720846195395,0.6844568199638391,0.23781144901013537,0.25196201703923615,1.2104372309393319,0.0677248384184438,1.2724297256623012
2018-12-02,-1.219902557470926,-1.1563235843237982,-1.339579420224455,0.161316860510988,-0.5697458777987444,-1.2481071049452563,-1.154487447403303,-1.357549970480154,0.2959831194875798,-0.7906802003221186,-1.2539010401801662,-0.9118381485304473,-1.1136300213533923,0.14311292925578728,-1.3773217987465267,-1.3358660012272574,-0.9014435254413319,-1.260831605148527,0.3983729343628119,-1.8327826446806272,-0.215866560324127,-0.30733685035071356,0.6412019665281055,-0.438274249132592,-1.144906144509669
2018-12-09,-1.728170521697324,-1.6567605486686283,-2.073918186228539,1.309988076917551,-1.0437680880682851,-1.8880798048258138,-1.840162529846704,-2.2153001537375987,1.3374543177698872,-1.5195949041441839,-1.8728996750879519,-1.666291433590698,-2.064875319463581,0.6286273935248085,-1.4243040352786147,-1.9313971519703714,-1.8553231716677636,-2.1122045859112837,0.5149972421914272,-1.5548179010956051,-0.15656429139069034,-0.30814059320075615,-0.2130552376646718,-0.29832464286265115,-0.3037162152485199
2018-12-16,-2.530208987053419,-2.3329345315541223,-2.5457152429352923,1.814867596781811,-1.6963019521661078,-2.5215215056943188,-2.3406355987835017,-2.5419969760722014,1.9301421218056203,-1.697508824668008,-2.563131281508329,-2.2833234584379074,-2.4907423991743003,0.9370856857302933,-1.6256169751705638,-2.540234948855225,-2.3218623508122525,-2.4854064208083986,0.909909552408092,-1.6731366132082424,0.8293661496656658,0.7972306658684165,2.183420018944649,0.41650370706608897,1.4765819399985143
2018-12-23,-2.2238219282815153,-2.2755490777978284,-2.0446115282122905,-1.0235910048130752,0.9772131683498275,-2.1782311640929026,-2.2725174519850784,-2.0455103627662927,-0.5914822513978398,1.0923680644314049,-2.169237517394732,-2.229840103456417,-2.0378403103432343,-0.45090908982357913,1.138420127427634,-2.0721416286253977,-2.27758186786263,-2.0242221940824976,-0.6402277861769045,1.023601380731278,-0.6219270237061355,-0.5912736453476964,-0.7190205174547336,-0.5008045897983632,-0.26543058795563806
2018-12-30,-1.5029173840203665,-1.5418468439880895,-1.3670548419552195,-1.126844062930362,0.9728914858103584,-1.4582945953455178,-1.5089498808651558,-1.3558884961129904,-0.6502178112571734,1.064257253732074,-1.4388148465137098,-1.5382852782755685,-1.3162850080490078,-0.8373045325830718,0.8390375770634103,-1.3932130647423342,-1.4675591163511346,-1.2309305602330562,-0.8331013301832074,0.827713120459411,-0.6161880289454428,-0.5340314651646162,-0.5264054185743838,-0.47729978566187214,-0.1753809960710683
2019-01-06,-1.052480861733498,-1.130952308114204,-0.9965217461224443,-0.8547493104390255,-0.30992044238482924,-1.12120118218862,-1.193292693454244,-0.9742937934583231,-1.0546087890691853,-0.17264244663553024,-1.0903997374184855,-1.1302320579358216,-0.9850648007820385,-0.6379766445777557,-0.22138056668030753,-1.1018715309462432,-1.2389085168942116,-0.9259082281274983,-1.3910223460904723,-0.10194654631223794,0.16527302369230013,0.3795084918134091,-0.6272035048249126,0.9346401636563085,-0.7964108681801456
2019-01-13,-0.9911651538897884,-1.0951019200574288,-0.8397182842773732,-1.5339381192839558,0.9034786519614487,-1.022112563210317,-1.014087654367503,-0.8549184734665897,-0.7756364997224188,0.9425525779096019,-0.8997888767512995,-1.033305967776814,-0.7871430250629398,-1.2590026956921967,0.8253210507589043,-0.9182268432689102,-0.9638705102483047,-0.7785907343239958,-0.8098821183946405,0.7623901955405847,-1.5064292563148036,-1.3612165042127464,-1.10943398322601,-1.2333415185589638,-0.24887245729717605
2019-01-20,-0.6830528609399331,-0.8452332963020249,-0.5622982616839677,-1.542437805159317,0.4372467625016475,-0.7146878138253913,-0.8287852861404685,-0.5683929168392609,-1.348713066989057,0.40212917647818813,-0.6024891234930412,-0.7770307393523136,-0.48599351264415086,-1.360782581795622,0.3269901369943282,-0.6639933603768279,-0.7967219039029612,-0.5213717447949543,-1.1269275798673637,0.28057198155039675,-1.4629855917717687,-1.2911119310418324,-1.1427790064092382,-1.1551749113163594,-0.23091647671380564
2019-01-27,-0.46163374693716136,-0.5747053754216602,-0.3275407556629787,-1.165389737544442,0.9408664824109289,-0.5134821698515192,-0.5279289318513396,-0.4215494653120629,-0.5211020261781034,0.9893184359246486,-0.41328483212102773,-0.4918870912333541,-0.35546648929850033,-0.6014172166558419,1.0866573618373567,-0.40000225560029096,-0.4194606792804676,-0.3308396115841789,-0.3420939967454061,0.9585296868228167,-0.24828922283395646,0.3896489648705416,-0.6764765296625984,0.983449388443685,1.4700478128363397
2019-02-03,-0.3079185452957821,-0.3537822108747494,-0.31622662581270444,-0.24893375780871743,-0.5336257661435104,-0.42376024667857715,-0.36611584948250303,-0.3994255164262706,0.07899505141681944,-0.7236698111119801,-0.3503979587149031,-0.23995942054831673,-0.45199953906568785,0.7206414408288242,-0.9788581175987522,-0.4215305061292948,-0.3729611693313017,-0.5207187234124748,0.4141454651047477,-0.9294550444775725,-0.09886702484716897,-0.1931707101643704,0.192199016546417,-0.40055027167458573,-0.0018957183259434873
2019-02-10,-0.07880342018399394,0.3495453016448795,-0.672737437757226,2.299131871293247,2.377516768916146,0.17176425046267724,0.46811809075172994,-0.39337578375680754,2.251305303701694,1.9203544003857402,-0.00338388061333116,0.44825537504461965,-1.0963131385486107,2.7291644845556267,2.517985139776821,0.29709140502582093,0.380958941561908,-0.24193441333860316,1.5748911639210645,1.7559861155574148,2.640152178066935,2.4430853998799336,1.5840989327029682,2.6010232929425197,-1.91868314070377
2019-02-17,1.0005285539133797,0.816128320851287,1.2831511635415898,-0.8820707906504418,0.36919659862828835,0.8974401386889418,0.7905602146976373,1.1817755227019384,-0.829782160679477,0.45688774510028646,1.073536920404348,0.8452393790041773,1.3633569812115232,-0.8865166331313323,0.2648165841720354,1.1285117333409154,0.910181897489923,1.3908029167122604,-0.9015193399011043,0.4913474363018676,-0.4810028885173675,-0.7797992133924805,0.19949911397959771,-1.106051418334463,-0.6245987778613501
2019-02-24,1.328407281930507,1.1677826418001438,1.5383825940612437,-0.746627384681112,-0.2981433195969166,1.2466030381949356,1.0531922041488915,1.4468178334992723,-0.8862340039765626,-0.18947794947409413,1.390175573077055,1.2705589465923164,1.4865844396361005,-0.4379111583784775,-0.3068689557121013,1.3115468494202591,1.119738586148331,1.5592223595765247,-0.8941576914036248,-0.318851720406254,-0.6769275082601178,-0.6752762238195412,-0.9000179177789643,-0.5109641531781807,-0.4637263979931827
2019-03-03,1.383297976322891,1.3299951867462874,1.3683224375767857,-0.17363180370325743,-0.3328499246525986,1.4304149259641965,1.494271450273752,1.3908271405006158,0.20638351559978363,-0.34735875416724177,1.4265468134876274,1.3562936982573017,1.378302333664894,-0.17972787608614393,-0.44529840179114194,1.3819272185741984,1.340505673722387,1.32541004222813,-0.05914675692153265,-0.4501420132773667,0.33535299174061783,1.1876188965121606,-0.6382815073271333,1.6858701575867405,0.2118562510484122
2019-03-10,1.452970617645108,1.4546024906086992,1.2509626145915895,0.20452210339460483,0.8119375332311207,1.508316681775499,1.4287309382361344,1.4107804528882646,-0.08452483982227238,0.6696768413962564,1.5620563684583042,1.5902193292855904,1.3835558166575672,0.1546097888502685,0.7404805156114033,1.5712669051306558,1.53964797150872,1.5028106862681563,-0.16498221216433806,0.6473000012103209,0.12782152410231987,0.3185010446724074,0.07478373239461415,0.3623368080775683,1.4651064016195046
2019-03-17,1.7957622564376976,1.8079749506388654,1.7604792720640878,0.08445973937997295,0.5510609410974912,1.8520599735127445,1.815945499550092,1.8082673233771904,0.13671090129609412,0.32324148827207827,1.8395838676872756,1.7301165009843054,1.8283152024039597,-0.4070158223240973,0.19556036178342015,1.8674526685590864,1.8378276708327628,1.774297731411553,0.2851036091555608,0.3190519948691148,-0.15540826599605917,-0.5140790878833789,1.1543461783631181,-0.9043945566001493,0.07274629827792255
2019-03-24,1.5872068535619426,1.4977126127764055,1.6451116272533506,-0.5326614914597136,-0.6118892359257977,1.5199942443519194,1.4331681184496052,1.6643734421500453,-0.7528675009184581,-0.81054284780724,1.5367237476502293,1.4253271982153157,1.604845584937587,-0.6789329258439681,-0.5703327255793638,1.4562178582411893,1.315957830039508,1.6082508079866245,-1.098691860237061,-0.6808365201570123,-0.8920949835058883,-0.6777083546768362,-0.8512640764544324,-0.5227167959555681,-0.9226379677021762
2019-03-31,1.3622361449721214,1.3085738584694846,1.3227210985990259,-0.1988366227984281,0.08892878174179032,1.3751150767024993,1.3433579586561835,1.4695792538637253,-0.5413960029641937,0.22689963161014332,1.370650175804926,1.4508565038929984,1.3769074995542308,-0.23322604445694825,0.2013483340391213,1.386707677211087,1.4631320943208939,1.32261323160872,0.3705121076825984,0.46203104662704136,-0.5718399817687225,-0.5584460024841753,-0.43383669406970293,-0.5107243088535993,0.2629124681304831
2019-04-07,1.4971508263322653,1.4253592449552321,1.5463046505959062,-0.6121930089381465,-0.15685014010224613,1.4454434425381362,1.3289403479748108,1.513641310234523,-0.9468788515536113,-0.3616763530174415,1.500621605484759,1.4010652625706412,1.4726581509035328,-0.6645109353255805,-0.1640790249038619,1.4380971148042707,1.2901925382823851,1.4989198870575442,-1.1186844855968638,-0.4656005416975483,-0.45842780870718264,-0.4245627363309357,-0.6423933886983971,-0.2966106278123608,-0.26081751177608414
2019-04-14,1.2168715407406945,1.17793279266117,1.120118481432045,-0.17001931208557744,-0.3376009548747006,1.1943850805671885,1.095125747963654,1.259952507974502,-0.9370834310511145,-0.19240083290665477,1.1109532443216728,1.175567397103116,1.093116049113268,-0.3490150319357477,-0.3134656028505628,1.0895727189118176,1.0724773106419057,1.0816491609173724,-0.4541364740265837,-0.29349292556555223,-0.6150470755006444,-0.6102555058448729,-0.4602754445531367,-0.5624219880388678,0.26328732483579753
2019-04-21,0.8728631509707018,0.8720509391557514,0.8092116643785916,-0.1989914976564249,-0.7259393582161189,0.8780079636437076,0.8829601563743003,0.9027738729053778,-0.5710017890775639,-0.6889726229848102,0.8792463912104537,0.9560092702268205,0.7670985324383796,-0.1274057454377529,-0.5738738335865989,0.899600478897581,0.8038992824194834,0.842851723022669,-0.606898422643025,-0.4369948333087806,-0.6413222753399946,-0.6924225009002357,-0.7051780820621909,-0.5822710532300028,-0.6735929658516778
2019-04-28,0.8590384446745718,0.9670426584328216,0.7628177797953117,-0.007986709247622766,-0.6602565378654683,0.8662380616838512,0.8702316446827731,0.728840841395712,-0.20052521854588876,-0.9229122017963416,0.785347949158355,0.8067151754253725,0.6538138459788033,-0.2295293897851997,-0.6659896431365704,0.8371878133148827,0.9168520898809369,0.6841932656330865,0.13799351678381688,-0.7643153751001008,0.00910349233083765,-0.02889914723344576,-0.03746633719521469,-0.022310883009458795,0.9399848184944075
2019-05-05,-0.3716311424544836,0.2926226649810991,-0.9631935141807741,2.148441962058904,-1.7420266270699782,-0.18948389556416184,0.012736748502199868,-0.06239913497541747,0.16382830472349086,-1.2563207573562716,-0.6566323452608333,0.004965257170264406,-1.0564969787235767,1.8280446127936298,-1.2737976513201135,-0.5176165817089137,-0.12562795013774528,-0.651908558998039,1.3393949067723538,-0.9672139816667823,0.6714963809297777,0.34516630542310833,1.0343356426651333,0.08742770509438437,0.2823539078689962
2019-05-12,-0.9648512254990386,-1.1176265208439091,-0.5793564490106353,-0.6496875689653424,-0.5492507197009223,-1.0258954416225277,-1.2858502293796257,-0.730876753506229,-1.29550442350857,-0.21925983189203832,-0.9081845754321819,-1.2837928886305816,-0.48129830981781613,-0.8901923162394519,0.15266971699921073,-1.0392803740468821,-1.302301827491039,-0.8685994105502478,-0.845086595395552,0.2730396629797499,-0.328836018071721,-0.5073315397355231,0.02283499151805753,-0.516290617913999,-1.0262374086652297
2019-05-19,-1.7272860371160998,-1.6938750968438563,-1.7630993303636786,0.8114654400585483,-1.552149055068491,-1.8939367140208219,-1.7486016538469624,-2.0928347860365983,2.0093062774708867,-1.91143933306012,-1.7690128781306858,-1.6558092683161305,-1.691391522682611,0.9341208098705216,-1.7562639909543405,-1.9088142449085548,-1.7272123977812004,-2.0965870523581867,1.7241059510011203,-1.9909173006906045,-0.2266830269191057,-0.4990336366453708,0.804267945609462,-0.7394751540571067,-0.2661934338881457
2019-05-26,-2.445586492501921,-2.4228391292347533,-2.327778115692552,1.0926705820559193,-1.5808045969865925,-2.513064151048051,-2.5441343199276734,-2.465211813160994,1.6495773784937158,-1.7095062823149618,-2.4648476188059827,-2.5608471238349235,-2.211016856846109,0.36548150262013535,-1.1525510393373788,-2.498209430363605,-2.595689196194944,-2.373502329019112,0.3133326068571727,-1.2344122221709724,1.2253561052463915,0.4673755798858375,0.887033484716569,0.21744459390077522,-1.3015530149101164
2019-06-02,-2.172726915644869,-2.343527353718293,-1.8638780801826325,-0.695189467011477,0.022909017448889152,-2.169626799535589,-2.327421633001703,-2.0116171154976024,-0.2555781581373925,-0.4836777013139334,-2.155024651495596,-2.303994535443199,-1.9370253609635792,-0.38970186278313673,-0.43610039326279243,-2.152177181288558,-2.216511206029522,-2.109038522060424,0.3710238652314898,-0.6565396326855777,0.0524720186607594,0.1725096929561982,0.3023528566031641,0.053169529263897355,-0.46848904380817574
2019-06-09,-2.0942360544306404,-2.1184680749371676,-2.045681193122652,0.3588431156365375,-0.07458648236195149,-2.0455839969743597,-2.064820479309352,-1.908291027031943,-0.05420464436751515,-0.36606448700530203,-2.0612792798967683,-2.089494836330264,-1.9704684117441071,0.07796494489304437,0.1673037794781019,-2.05224413138907,-2.1452346663298005,-2.0549891820939257,0.2060007660524168,0.15449440970451042,0.3785978260954348,0.13329156655010807,1.2253770067304894,-0.7398980127022782,-0.4553571702793929
2019-06-16,-1.7508682591217666,-1.734989498297427,-1.6579150277072634,0.16218735711730722,0.3017704325551887,-1.7224177411250017,-1.6599639585398602,-1.7175978141648816,1.3087295590762056,0.07852256077946948,-1.7206293805841426,-1.5824663536184103,-1.7251247982954308,1.1063036628649767,-0.6282651810267894,-1.693925911544856,-1.594034187127496,-1.6948274335612,1.4123558691381815,-1.404868368051058,3.1822029313089732,3.307959627594851,0.7552450452791997,3.3180333681068226,2.2574226828404353
2019-06-23,-1.7615251166699668,-1.8105901839493772,-1.7267949068136557,-0.053509418036845044,-0.6594027102528819,-1.7467055151728803,-1.8033835610136029,-1.6536079697034587,-0.3026170608965136,-0.15539698522100448,-1.7315347543182456,-1.744226605022591,-1.6432421354795668,0.018127467320935824,-0.5930633226605613,-1.7330546906418958,-1.7316510459663748,-1.6665099331716777,0.2885760623885968,-0.18070869400017847,1.3513007053221002,0.5546435344603624,2.92778693168064,0.2319199666182903,-1.408260614292368
2019-06-30,-1.508821153885066,-1.5382712347353868,-1.4253530056838482,-0.4586261791121377,-0.17331956677848512,-1.5360379920662006,-1.5576163228206354,-1.468641111612665,-0.1488236433707039,-0.15254785085427558,-1.5055288308223098,-1.6006565796274521,-1.3743411971635873,-0.8941544976701955,0.6571070790654432,-1.5056283910049932,-1.6121598870312301,-1.3857727101593558,-1.2896064878901263,0.749018418049501,-0.41540335126202055,-0.2941453475177619,-1.020268686369105,-0.1806614372611514,-1.753800662917598
2019-07-07,-1.246541054442158,-1.298529657635585,-1.184680088047148,-0.7397590444121906,1.6347393533223946,-1.244961214823305,-1.276791414000634,-1.2048029794224926,-0.311582862907861,1.4874323754943641,-1.2208501477413713,-1.281398360463309,-1.1570507898836917,-0.6845728772581778,1.6973520850242942,-1.195836149492171,-1.2889461662000805,-1.0975527241634195,-1.4546948469370065,1.2215253992413277,-0.3621964208239176,-0.23503423487185204,-0.3824246761192419,-0.19634006590448952,0.15000241085458918
2019-07-14,-1.1829554351180969,-1.180761075279681,-1.126393500942179,-0.5581065421706077,-2.0877937405812884e-15,-1.1954011510684648,-1.2485931257078429,-1.1650904330814738,-0.7055970863373374,0.5988245263573769,-1.152466755720061,-1.1876482736941427,-1.0933783167090734,-0.6902662825670106,0.14125423069538875,-1.1618745965712016,-1.2284821391054517,-1.0859051755797797,-1.2649489005002836,0.9152378733187976,-0.5093719505424422,-0.3423334741207847,-0.1718160062842171,-0.3301311656692673,0.2877488743324582
2019-07-21,-1.0073434485894068,-1.0350678364497838,-0.9708953420160998,-0.7029885757099363,0.5244607568651858,-0.9746656696764525,-1.0499871082005745,-0.9413303734948677,-1.0484806232297028,0.9978601682460408,-0.9875349742690211,-1.0535433754643024,-0.9066525232662801,-0.9491991672512997,1.0860399482952463,-0.9935437074500827,-1.0149565486151342,-0.9534353798663292,-0.8326084050202377,1.0872182892039883,-0.539239341261642,-0.4746961217207759,-0.37262945464939506,-0.4427841778236852,-0.4454482997215569
2019-07-28,-1.060500491375368,-1.023120900786711,-1.1352190743987132,-0.03599305707140873,-0.49931430334187904,-1.0274736978184997,-1.0245047349984886,-1.1634347825265294,0.7522810955409622,-0.8023462881313943,-1.1446450415064138,-1.0713367169742387,-1.257081321109319,0.1802436299842845,-0.5658136077029556,-1.1305098421533024,-1.0198578763059496,-1.2646845224868606,0.8663074813606634,-0.691544109773093,0.5846068726248128,0.558748447981321,1.021247088257918,0.4560906125127866,-0.4588128229522293
2019-08-04,-1.5100523593731419,-1.486345574093533,-1.7048272390951718,1.5384847623853055,0.8006013579090973,-1.474991346144926,-1.5433469826579091,-1.453525223442066,-0.9882947226184892,0.6707320165873635,-1.5372158934866467,-1.490748184591652,-1.6408925654998354,0.8106961047651453,0.1101154466004699,-1.4530809029592635,-1.4718975313352296,-1.4338706978964884,-0.6279941167153775,0.24419334582198918,0.2880721083499021,-0.11857571765137796,1.1576054162821834,-0.259445167422672,-1.2531946093632098
2019-08-11,-1.644190818335578,-1.5744904325853284,-1.7345045509925485,0.9929426192174372,-1.2518199303163549,-1.6749925328806767,-1.5427885236527654,-1.839520027791644,1.0913267277265464,-0.872298878935807,-1.6768260950001033,-1.6267742875841125,-1.7617806430017875,0.3945946370018002,-0.5841219731162449,-1.708563691478655,-1.508881617349142,-1.8539593154635783,1.2500208134414876,-0.2984239127899122,1.2812581412606878,0.522398454798997,1.2356394100137822,0.37825395948190804,2.812740008171796
2019-08-18,-1.5703308397542413,-1.64305167249161,-1.3979556203636174,-1.4108496589853843,1.4419934642853665,-1.5932621688919169,-1.615050283191379,-1.5475580326745835,-0.8427959604369415,1.4672563242557102,-1.5562132964436042,-1.5840542140005116,-1.4707754213194515,-0.7221240697845563,0.5312391022066769,-1.590482553087068,-1.5995003489852433,-1.5824422341996198,-0.16376870750889866,0.027678291940426526,0.14465605213217067,-0.3108290872608822,0.8393952514585217,-0.4257007071183715,0.46286773347359433
2019-08-25,-1.4653730983437,-1.4322665088833741,-1.3703317265922779,-0.03924765539329286,1.8084539747420805,-1.4286884593955407,-1.3970413949500087,-1.4304960735245826,0.24563874681622366,2.10871932369374,-1.4043968181853286,-1.3330488367663575,-1.406023664507263,0.49695160510349146,2.095593030912483,-1.4050132413957301,-1.3247766882681449,-1.4351305223867368,0.5859206353229686,2.2322233667107443,-0.1430206747945827,-0.34306909419325204,0.1484105205047868,-0.36725927644674794,0.7643810686303583
2019-09-01,-0.8303580415417096,-0.7309253347931068,-0.8260670184418994,0.6262082990423915,1.957077561541175,-0.7420834614223962,-0.6073625173055964,-0.886233950095294,1.5527640286214441,2.2826142552603224,-0.7310994004459354,-0.6111824077267771,-0.7988423356005447,0.8864383375946286,2.238482436249023,-0.6653238307883242,-0.5820865166960765,-0.7798714231659937,0.8812198352544702,2.126847208044242,0.315060806965264,-0.2643921720568499,1.6547472330212871,-0.5061993446038319,0.37005101116287187
2019-09-08,0.5543300363303788,0.6776548371365494,0.14340905966364512,2.0851348108789183,2.1060834722306123,0.6417815786164424,0.6072185574311002,0.40859180901108155,0.9291652322093462,1.5146665790139844,0.4982088630823286,0.5336035708693989,0.15234602352487508,1.3979070239539688,1.8527733018513595,0.7233123568862991,0.6579161873647799,0.5724354207485701,0.18048871788928636,1.246436827244404,0.7209359441440604,0.024035009557017248,1.5456517658397528,-0.2322828503791252,-0.52212379485434
2019-09-15,1.0219364926073984,0.9045707909786908,0.9956922963955597,-0.519351517288017,-0.4814629556061672,0.9408753723984243,0.8772331997707208,0.8646798992809995,-0.13305599460591258,-0.7813231639399676,0.8911981449410258,0.7998936547076403,0.8440524047127611,-0.47538769257868474,-0.721838667918369,0.9212629681545548,1.0099753396090558,0.6980552784780014,0.7239849803984211,-1.5609479139951914,1.1324757767668672,1.5143841188886706,0.30528743226000277,1.7096231316957036,1.5274591577920265
2019-09-22,0.5624318245581241,0.5708784954470568,0.672321260339812,-0.49869797049102793,0.36151311649083234,0.693567289398672,0.6113911173394103,0.8108040514193948,-1.0192859766630569,0.4660366510892574,0.6722823599407435,0.5699852985031493,0.8110987700841451,-1.1662264543319574,0.40308801505627245,0.6786726787265009,0.6663618845683521,0.7167173182606755,-0.5156168553695316,0.4891599523979799,-0.5495178866903148,-0.6005960928425118,-0.7366247172808603,-0.40555240685442584,-0.5787335355708463
2019-09-29,0.8769951845865691,0.8581008834644402,0.9856254484703836,-0.6699236457584176,0.3785314276385471,0.9015868176035586,1.0135720642245878,0.9502358985491094,0.06684189337407433,0.7929698260570471,0.8973140072116434,0.9726244727614872,0.9403650930686207,-0.2885989744040203,0.3039305456269916,0.92408344870275,0.9242286860462984,0.9788717743982145,-0.6606695579049003,0.5080199075642577,-0.6448886590043796,-0.7500016546742014,-0.2207927940398779,-0.7888630321963971,-0.019808717374588163
2019-10-06,0.8448984514590198,0.9237425954649554,0.8520901010821799,0.1013667751231271,-0.4955660648128902,0.8601682388556038,1.0860476985745326,0.8696672497688535,0.8158574481830236,0.4348832121994517,0.8670738432691403,1.0073664850946984,0.874054490740205,0.1701822045791525,-0.21706449370117414,0.8280462864012162,1.0107949244655363,0.7707610286331957,0.5972537758887753,0.22295432591395853,-0.9471880603769419,-0.7109115601111151,-0.965002496678539,-0.48342888613888696,0.2745463450322798
2019-10-13,1.0141267284712883,0.854246649843815,1.178244982569775,-1.3577285749768682,-0.17659446945781695,0.9767667073903461,0.9181668173037026,1.078642732370023,-0.8355124456892515,-0.3987903585784925,1.0486439822978977,0.8986065352531045,1.1178935446725093,-1.2122637440605593,-0.4964127024895706,0.925129956029008,0.8751285982159409,1.0023420568640404,-0.879232257201285,-0.6311138447184028,-1.4904025314718776,-1.1947059746581803,-1.4247567858902648,-0.8887699662278339,-0.5297569032126979
2019-10-20,1.214991327804053,1.2782701316590892,0.9993764094337879,0.8737081114766863,1.0902778851745925,1.3412228424851604,1.3874159090617704,1.2146185617097625,0.8772578191322404,1.2112390997553162,1.3228402385571163,1.3776429177354241,1.155871934266204,0.6614302287608248,1.3249769049094082,1.3865458268524231,1.541872607117338,1.3692055420314573,0.5703224773378277,1.330611351837998,-0.8548036954434803,-0.9524379859422267,-0.6549801528240928,-0.8705472669493872,-0.33037674464228495
2019-10-27,1.5971098618255863,1.5169729073239866,1.6676670321358298,-0.9235297003712606,-0.01402872751382691,1.5662694628969513,1.5275591493592,1.658022649371664,-0.8591792457793397,0.18317122732833613,1.6271761007555288,1.678580463498286,1.7073155495058507,-0.6379790090637647,0.34011223914316824,1.5943374095688803,1.6001841301417705,1.6562624693832901,-0.8189321846514062,0.5984144630986984,-1.3467995112777225,-1.2162908038168048,-1.287964374486526,-0.9675006320115368,-0.5940212864952379
2019-11-03,1.9918353472214312,2.266324090654594,1.7717868405837751,2.457818605000964,2.0594354655543254,2.0614394929464415,2.270047626412127,1.6680849779320275,2.922447385981486,2.43434824327769,1.982864957056841,2.2502417274298536,1.699554242385238,2.71069565768252,2.2810055715000823,2.0453897716219878,2.273760747630236,1.7466703191136752,2.825596023094418,2.2209744098026643,-0.16000985943500903,0.6228599095240837,-1.3369115715872162,1.2605815108422305,0.16828096314305818
2019-11-10,1.9548930208751332,1.8247770960959326,2.1091681646413223,-0.5326166543680377,-0.9179261633397828,1.8955124491501423,1.7433141681359874,2.0804199179883365,-0.6788579561851874,-0.7700659991280094,1.9759158620011459,1.8215800145410035,2.1285036170959537,-0.8499015376433041,-0.7661669105526931,1.8854129399449713,1.7753819659121455,2.0451054060146023,-0.7784146094779554,-0.7965114733860736,-0.34143001368942766,-0.543220817370599,0.2012652376612943,-0.7091913197345654,-0.4982868936345915
2019-11-17,1.6738929649458096,1.6129205855756448,1.7587560365347334,-0.4461434119415962,0.004881567720268631,1.6502436966856646,1.5679202947740343,1.7677788470206395,-0.588873159689107,-0.20481578225239583,1.691741968613102,1.6663196851872042,1.7434150256911343,-0.20893382375343303,-0.01227926251817771,1.6590401281841092,1.5804791107224594,1.7416901525984667,-0.6303763319143139,-0.20050713069426668,-0.9504506997821379,-1.0230696602499636,-0.3344419561499813,-1.021844601201076,-0.5482983228741666
2019-11-24,1.541291809755227,1.4044772081929875,1.6407791686733548,-1.0612889074150966,-0.6989992287493986,1.5093345872787751,1.3944070955742072,1.6089399445866077,-0.8452805639675437,-0.7792443583198106,1.5613931555101086,1.404245610442035,1.6488573431968583,-1.0697445472032852,-0.5601078085578529,1.5070501543741246,1.4054368772439143,1.6237102604732123,-1.0175617198571536,-0.4668487377559049,-1.149723937137598,-0.9140832700191985,-1.2976939381481432,-0.4707648415689758,-1.1322293290183385
2019-12-01,1.1651989328003967,1.2056710226660032,1.0444012852426667,0.6120914196497017,-1.6215342019936567,1.1283795630728264,1.143486479574758,1.2060437162357887,-0.18566380645915406,-1.2151181484316405,1.0741001009269011,1.1253422385107301,1.0376000590070367,0.37232833066036286,-1.4995131242673265,1.0788686903959466,1.0612041219682036,0.9739361636786713,0.44153649673697937,-0.7952764897836903,-0.19032322217206804,-0.2723909110512018,-0.24797852720435337,-0.2210129572391694,0.6681320977744052
2019-12-08,0.8133391897476121,0.8968458466345667,0.7862119481912347,0.5865179698501809,0.19161106579823564,0.8973873431251287,1.00376050167673,0.8348653263957125,0.7120324677893808,0.3777545237784997,0.8037901008028627,0.8967603058921019,0.8226443685131045,0.43845573394291265,0.4192112598091227,0.8339101512099987,0.9420992256587732,0.7659968021193275,0.8243820905332451,0.7903646549610984,-0.0028782216921078175,-0.15877454354420353,0.00043464141487032157,-0.17423995690043995,0.14887207527691587
2019-12-15,1.290094956999745,1.2080513973159068,1.2772978744322525,-0.10180919746250329,0.337182438420953,1.302959693217094,1.251226026398247,1.3225240920985595,-0.1500159305152961,-0.3752876706315754,1.2784263155540356,1.1935930600162445,1.2899948739884488,-0.23166723068900788,-0.4022223402412773,1.2725391247117088,1.214167931453979,1.3133318291348177,-0.2334788681865135,-0.5037470146085417,1.6027645310789058,2.0642525961566305,0.39740393751920305,1.9050120757318778,2.57146919178212
2019-12-22,0.999470007610521,0.9005274943735067,1.1240456003568402,-0.8250489531816424,-0.3003074338290146,0.9530613642628546,0.8844555827507411,1.0552460336556422,-0.653936713069671,-0.553886865476126,1.0166985501159227,0.8883854328892977,1.09497116665234,-0.8439208668922584,-0.38254139226711303,0.9540475443188765,0.8206284815664693,1.048961428598081,-0.8860957694168384,-0.7031895162506396,-1.4175622870761502,-0.6382693251492576,-1.9188746700414356,0.017338272370394054,-0.9959294883014337
2019-12-29,0.7711755892468637,0.7581883888165036,0.8322883192630913,-0.31208877258739,-0.5372446213527923,0.7634972931550015,0.6577826873762367,0.8181949073057893,-0.6074066517418415,-0.7480437584054013,0.7545788165576164,0.6346356344715074,0.8067000391377536,-0.6974850784253996,-0.528971156630495,0.747821674285525,0.6067500926600108,0.8949097256137081,-1.1153302179163762,-0.5279905108560979,-1.1147405584294074,-0.9743235408854363,-0.7756475149851063,-0.7454203976863449,-0.21745700868305415
2020-01-05,0.17330679016865205,0.34105634778206695,0.034078962611423506,0.9141113201150178,-1.2065591527557387,0.10237896931035215,0.22163449036843758,0.11814369690450474,0.27324608329124483,-1.1343489380832705,0.044619695334855894,0.13181868990803713,0.043906266592555816,0.25336167772177265,-0.9532894991280707,0.03745956453237863,0.12561701998734578,-0.0032589113618613176,0.36979964323141407,-1.2912144747764491,-0.4960060374348589,-0.4034777630936788,0.03395891305828048,-0.42035347431397885,-0.31570656539813435
2020-01-12,-0.6669484075016777,-0.6392863336044878,-0.4616848361135001,-0.31760009704379677,-0.8206047117872998,-0.7722424274346423,-0.8168489412677428,-0.5757683229275097,-0.4005459774747296,-0.879945981917074,-0.7525936061644091,-0.900582756858152,-0.5914672517327625,-0.5479268175465122,-0.7353989087675016,-0.8951496183243065,-1.0862030586738998,-0.7597658405611447,-0.5463319588094768,-0.8962752151382353,-0.0073650607729622624,-0.3198544570567615,0.47001737537914107,-0.4692265353407144,-0.7680562117410267
2020-01-19,-1.6814490230633,-1.8308491146785955,-1.5695692172628863,-0.388323328804263,-0.4125034066370638,-1.704163331225446,-1.8258038347477215,-1.557171337041498,-0.3563518904251788,-0.7412919047379388,-1.7484750011017778,-1.839107458496846,-1.6238442973482554,-0.08110267757510574,-0.7319936236852296,-1.767805462189053,-1.8340120347535842,-1.5057115343263379,-0.5061092663351038,-0.7439722776359512,0.08051775252280287,0.22358901866916459,-0.08645375414819537,0.2524117114020131,-0.7130212536731012
2020-01-26,-1.9332524960320971,-2.0912587807108416,-1.8095398690093734,-0.23111124266129657,0.6650694448378341,-1.9149588812443168,-2.071811963737599,-1.753249345696999,-0.4137314337287783,0.2810095367996294,-1.7850352615175193,-1.976554068036361,-1.6947298890336284,-0.1825196383690253,0.42487298606340795,-1.782370787253198,-1.8718780655148537,-1.6318977849838086,-0.3083671212916054,0.24034767132550666,-0.81901220106137,-0.6755524830467001,-0.962048958000091,-0.3789545791747673,-0.6979114979769977
2020-02-02,-1.2392831835464677,-1.1874204745396162,-1.4243487321098962,1.2123670354868008,1.4369865095808902,-1.1807673313875535,-1.1516150990437954,-1.242051990834048,0.5156459517094762,0.81089747609016,-1.1878955679731307,-1.187369745816154,-1.2903102159098245,0.8629140649580017,0.4217260044999331,-1.2248378797827144,-1.125417635272466,-1.3249167346243538,0.9467396005706462,-0.22993870982597955,-0.43690966823769906,-0.24417059001942018,-0.09903762722491677,-0.2303403833626613,-0.5396622226905197
2020-02-09,-0.9090107811125842,-0.7381869612695915,-1.1670924299804502,1.72453628624639,1.3142864171349935,-0.8936817915323729,-0.6364755848339009,-1.2118524179719743,2.3301195764515152,1.4003613232636565,-0.9907445576997367,-0.985869721739381,-1.129813764730254,1.0542407908282667,1.5987357804438476,-0.9283522254760503,-0.9335284220645355,-0.975973789763596,0.334672884885015,1.1632153206696212,0.7056119222713881,1.0514226512660114,-0.4083418726643869,1.2894340604728953,-0.5305211633874303
2020-02-16,-0.6795758618047801,-0.7713698660986513,-0.5313584221021239,-0.572903383381403,0.8136923294702666,-0.6116360072107585,-0.5872994407101157,-0.6930650615091154,0.5310992276184114,1.2538413013049812,-0.560563132575531,-0.6639557869606081,-0.49558029182857316,-0.5573539451587816,0.9516247196419857,-0.5302143902246008,-0.5343206877945834,-0.5914089434052475,0.31341973285078606,1.0044221662934354,-0.7902471970003965,-0.3553757062409516,-0.6690476368854493,-0.17570148812903472,-1.0580334394954334
2020-02-23,-1.2154096709807187,-1.013666504231132,-1.4757972188939967,1.8812523719847927,-1.891528997405041,-1.1451647946423875,-1.0995213262464993,-1.2921951278222028,1.0278964899603715,-1.701182559366036,-1.2755101395692015,-1.1706493487141882,-1.4529397955875514,1.8117910178836114,-1.8114415061167521,-1.22136643144729,-0.9916212755550949,-1.2459419190298096,1.161201198858812,-1.7092474245807678,-0.18455755121012157,-0.528037203871177,0.06820921176434334,-0.6165863094407549,0.4048340940401555
2020-03-01,-1.4668697484798925,-1.1491473774860033,-1.852763798721461,2.5016824793292125,-2.0572988359424143,-1.497237377234079,-1.2338944970578172,-1.957841443410607,2.690058997597411,-2.5592281404395694,-1.6587928336196665,-1.4508469573211946,-1.9963948734926533,2.7872617977578416,-2.380972460257471,-1.6191489630979599,-1.100357624407522,-1.964173420594976,2.8166917378568552,-2.5857999449600344,0.04673337737497196,-0.10007634687818516,0.46489376547750916,-0.2585844999328977,0.1387219917707274
2020-03-08,-2.7751744993977687,-2.509921941403086,-2.6522023083538415,2.488034748019386,-2.402820574661764,-2.7879109267697313,-2.5426007357269844,-2.691366267038178,2.562562244975224,-2.1894106626970578,-2.8157783033374195,-2.853587966364338,-2.706283550168542,0.9204456022090861,-0.012502114161095396,-2.825423530384718,-2.919156285903955,-2.7703928591872287,0.6866223674061822,0.8246868808345285,3.070412608233389,2.6845023844585425,3.120647309711732,1.9518218497254478,-1.588843739188245
2020-03-15,-2.3245889221173557,-2.5953741001053965,-2.2486923125263982,0.5194279593957437,-0.1303010469368528,-2.288651986030146,-2.428412340545639,-2.2325521496367213,1.3091790228350926,-0.9758304009987226,-2.2386532362059617,-2.219106410907657,-2.1542011294495764,0.9614469164299381,-0.6511623602206796,-2.2638038171746624,-2.238827662703638,-2.196906894056034,0.9506420265308981,-0.6205159498823679,1.6386506999922916,1.2839261665965218,1.8211294492632526,0.5212953403956104,1.2567117431243608
2020-03-22,-1.7979496763731435,-1.9766901862083066,-1.668527796570704,-0.30709660968942815,0.8017750045376439,-1.8228909493274061,-2.1008698488066067,-1.7724323321806024,0.03981390414415567,1.2076215308326705,-1.7256624018995619,-1.7749237488078082,-1.680974991342884,0.22715336973571484,1.191270059699653,-1.728996327571594,-1.7857032300889637,-1.6823864170201162,0.1030790213197642,0.9803840924852355,0.3053549518280719,0.1955554914633776,0.496714722157421,-0.13131834805610793,0.849160772030935
2020-03-29,-1.5937644961189688,-1.7646068814620683,-1.4668280284784883,-0.8424705911645493,0.029166719649546945,-1.6153877876311982,-1.7991017318032394,-1.4936151033861134,-0.5414631548491537,0.1254959606846322,-1.558455764336569,-1.6487527484587858,-1.4552598050870302,-1.1716741802951103,0.34236324854435574,-1.5863375471169916,-1.5866918905168448,-1.4746455180887819,-0.4348492818248552,0.360705451892308,0.001292426350206311,-0.2926875710713753,0.15407625575166073,-0.6884645978625097,-0.12584094919888755
2020-04-05,-1.345658249877351,-1.4974061097416147,-1.2395200734971428,-0.9287391417390561,0.6407653331351085,-1.3612924584399522,-1.5287057085042504,-1.2168965264570573,-0.968088086901431,0.7056693421353382,-1.2783650909181141,-1.3559472481932937,-1.2088151768106512,-1.0414426176479479,0.44705448792980784,-1.308634803086551,-1.4027377553511484,-1.2162549542729117,-1.2020821413245004,0.4329444405684047,-0.41256186409448975,-0.6093251973473132,-0.2031184881634619,-0.8982770763222416,0.934091647800331
2020-04-12,-1.0858415085317146,-1.1623024277338887,-1.0054313777824946,-0.6850982406157882,0.63237907928867,-1.1118889956071267,-1.2156723703190528,-1.0085373419088197,-0.7710014191356688,0.7030944937936507,-1.0221849830873573,-1.0355892718599449,-0.9920617937295867,-0.39593207791928664,0.7871016453170956,-1.0341943889118599,-1.079066834078552,-0.9702822188962915,-0.8391377651489514,0.7184826112521612,-0.33893266075182377,-0.5517756253321225,-0.4493933698525856,-0.5580285364622137,0.3629892565446013
2020-04-19,-0.9068086552121173,-1.0335846161464093,-0.8308386441156235,-0.9980562175963738,0.14427961671952444,-0.9477548783059404,-1.0943480236162195,-0.8272564330577531,-1.1853331884925933,0.24624021429249943,-0.8466843791743539,-0.9232730786797477,-0.7653948939607775,-1.319023536273172,0.018870883482818603,-0.8827413662549869,-0.9594802712358725,-0.7880164759115739,-1.3492339797295874,0.2082051826892743,-0.7660425179304956,-0.67092990920034,-0.7994296562235854,-0.4311585387784921,-0.8729400782450724
2020-04-26,-0.62126043234794,-0.6522075912071582,-0.6387545102534906,-0.21091488169326222,0.8340087609533193,-0.6346358663089926,-0.6778374731858015,-0.6873131624328336,-0.03849021271480542,0.9862342282091558,-0.5852431038330798,-0.5688270000469037,-0.6283362041957967,0.29089106424003147,1.0390048560845813,-0.5726430665825385,-0.5675265302931233,-0.6149816914587758,0.13429712691880447,0.8739073362704034,-0.34715127199171314,-0.34307028264546785,-0.4785704376087132,-0.14936343176151787,0.5373851359646379
2020-05-03,-0.2850838344486578,-0.3398660520885125,-0.23605220599154011,-0.4796862392482446,0.5071397620769098,-0.2532256680590843,-0.32468633066978325,-0.20542438074472416,-0.5368821790497059,0.6119216101456448,-0.25675909288428245,-0.2552843351560173,-0.2061605506461193,-0.387692775607385,0.6451265249920365,-0.23636294477227734,-0.19748546558924046,-0.22119596146517886,0.076000591286901,0.66405435719802,-0.1586761398464336,-0.12546913750785166,-0.2826550731820578,0.05582527456932246,-0.7949154899948643
2020-05-10,-0.14661424493216937,-0.18023082799369916,-0.1488581260161364,-0.15566960934124013,-0.31140291266587844,-0.20012891010108674,-0.2659289456909022,-0.117083992247857,-0.5663640101831647,-0.22436887230099817,-0.1314297371662563,-0.10742830376326118,-0.13070015708045343,0.09828586836008985,-0.5201725485720251,-0.1587825854235767,-0.1696759944179731,-0.10985770865620023,-0.3807082316575176,-0.39192349450577735,-0.6268523507591052,-0.5761241693837035,-0.38951206404352967,-0.7233047737391608,0.41564604696235274
2020-05-17,0.5669807410126836,0.6816268996351543,0.3838610118048472,1.096521427166094,1.8724426548788,0.6512327917997446,0.7406079141395832,0.47085184708676636,0.9854935689960613,1.6173591195891002,0.5968743284611281,0.775053871639396,0.44632606869035457,1.7214638584033142,1.7838715280696773,0.6970633576689881,0.8018827801556565,0.433492863019086,1.7528750851976849,1.5311453579687422,1.4454050769341356,2.729050943740652,-0.6346606627648798,3.1566645852280653,0.41818028539691954
2020-05-24,1.3562192914161801,1.147716338553407,1.5652517998324922,-0.09532499260089904,-0.17014599364843166,1.3647506366253668,1.1350578657031758,1.5495834080715518,-0.24372421598827293,-0.5562655249144435,1.398264713331261,1.26238215226969,1.6605991016035746,-0.37001441498854454,-0.636854269192755,1.3404215930416743,1.2326961765169009,1.5277541176811682,0.1435196041969695,-0.8718297896915991,-0.1410985898851228,0.07957931654427211,-0.3835954228765718,0.2119922994152343,1.9512143443412253
2020-05-31,1.813977887047067,1.6955039166003443,1.92577257241964,0.4641955879901247,1.1765201566155858,1.8058012499405955,1.7162845616517337,2.0029291239352203,0.0700409594093877,1.021653699139473,1.8693245670892327,1.845060494840789,1.8914244521049999,0.6997503142187483,1.4245553191616855,1.8613969844480678,1.7054184680755828,2.0395955749831933,-0.24070172852705507,0.6957317692978966,-0.30390187238643984,-0.44251236940335187,0.10061144219030528,-0.5027698182769688,-0.13354305344762538
2020-06-07,1.6439558410313804,1.4877758185137484,1.755676972196218,-0.04063285952593544,-1.215807942843679,1.5892381979503645,1.4842252750506988,1.6326657766103858,0.06778526155932585,-1.0139010881916561,1.6483959475492196,1.5901273635748228,1.6341641062473702,0.6616087876575597,-1.4379527514917243,1.598448739361132,1.571135293457714,1.5746926335093483,0.7729966038522509,-1.6166053394708992,-0.09916375482804791,-0.146900382145763,0.022581441860694842,-0.15027895907053665,-1.4233826901515123
2020-06-14,1.3471736310193536,1.3345360871718734,1.193737257372236,1.3847569566127897,1.4256816966201717,1.4086905069022222,1.3927781408652067,1.4105758557132708,0.7377111135633149,1.1274556254290768,1.3804303494643702,1.4807919857965495,1.1778927129774437,1.9430430471374505,1.9397522338029598,1.4543837837119158,1.3846725514524076,1.5463877976554765,0.20161586919240612,1.1363813613895166,2.3054916034002426,1.9237407769953643,2.2508085101901276,1.6616912645811492,2.9656083232572423
2020-06-21,1.2968000110287947,1.1230143876233967,1.5245895640718976,-0.6283653580306373,-0.8504849779350113,1.2307681211136505,1.068672722246851,1.394404059216673,-0.7339722672770999,-0.3937911753944047,1.2965350721724336,1.1572648567731927,1.4813678325055386,-0.3286630735914517,-0.8532983433619826,1.2422458151664635,1.078387935709679,1.4233540227090125,-0.7996110689953843,-0.5479109190041069,0.027868561390551994,0.1286199699708357,-0.03871978324365407,0.13841722110868124,0.9619952901346963
2020-06-28,1.1707818968436061,0.9681209239475653,1.4195742390031507,-1.0990588197545876,-0.08724415115629801,1.1130922095139142,0.961737320461256,1.2915332850233172,-0.8992171337943311,-0.011068603661415592,1.230932012697904,1.0276874404131364,1.4421124670036,-0.9739053183594882,-0.18750855984147058,1.1457684675024287,0.9426511357491629,1.337363860894468,-1.1326046851825655,-0.021523308576544185,-0.6059001342890973,-0.6526668151066379,-0.2753745429081482,-0.6443932083411699,-0.6234050808534597
2020-07-05,1.1480303263432674,0.8922467673864687,1.404249001994809,-1.496791348262233,-0.4052386944608915,1.1162685162718236,0.9243250251336144,1.3208431226596544,-1.3428477937686742,-0.40234444001216624,1.2567924295809227,1.0248375237695244,1.4762736417651774,-1.3621880271352829,-0.4297135157543735,1.121882982145561,0.9649926343163968,1.2758608638058935,-1.0240861974152102,-0.5007229407205309,-0.4189916916630074,-0.5073241700827879,0.23852094163556622,-0.5597386312047148,0.1545710029622582
