Date,Open,High,Low,Close,Currency,Exchange
2016-01-04,30.75,30.82,30.51,30.71,USD,NYSE
2016-01-05,30.87,30.92,30.75,30.83,USD,NYSE
2016-01-06,30.29,30.41,30.14,30.23,USD,NYSE
2016-01-07,29.45,29.76,29.22,29.22,USD,NYSE
2016-01-08,29.57,29.67,28.94,28.95,USD,NYSE
2016-01-11,29.2,29.32,28.68,28.91,USD,NYSE
2016-01-12,29.26,29.31,28.82,29.03,USD,NYSE
2016-01-13,29.4,29.44,28.7,28.78,USD,NYSE
2016-01-14,28.82,29.33,28.62,29.29,USD,NYSE
2016-01-15,28.03,28.16,27.58,27.85,USD,NYSE
2016-01-19,28.58,28.58,28.07,28.28,USD,NYSE
2016-01-20,27.65,27.93,27.15,27.76,USD,NYSE
2016-01-21,27.74,28.22,27.51,27.88,USD,NYSE
2016-01-22,28.82,28.92,28.51,28.86,USD,NYSE
2016-01-25,28.74,28.82,28.43,28.44,USD,NYSE
2016-01-26,28.56,28.84,28.52,28.8,USD,NYSE
2016-01-27,28.8,29.22,28.66,28.79,USD,NYSE
2016-01-28,29.41,29.49,29.17,29.41,USD,NYSE
2016-01-29,29.96,30.42,29.93,30.42,USD,NYSE
2016-02-01,29.88,30.04,29.73,29.93,USD,NYSE
2016-02-02,29.47,29.47,29.01,29.07,USD,NYSE
2016-02-03,29.45,30.03,29.0,29.97,USD,NYSE
2016-02-04,30.37,30.73,30.22,30.35,USD,NYSE
2016-02-05,30.36,30.36,30.03,30.12,USD,NYSE
2016-02-08,29.78,29.83,29.41,29.75,USD,NYSE
2016-02-09,29.34,29.7,29.1,29.38,USD,NYSE
2016-02-10,29.71,29.99,29.52,29.53,USD,NYSE
2016-02-11,29.04,29.31,28.9,29.18,USD,NYSE
2016-02-12,29.37,29.62,29.28,29.62,USD,NYSE
2016-02-16,30.31,30.51,30.25,30.48,USD,NYSE
2016-02-17,30.68,31.15,30.68,31.1,USD,NYSE
2016-02-18,31.23,31.25,30.86,30.9,USD,NYSE
2016-02-19,30.59,30.8,30.48,30.69,USD,NYSE
2016-02-22,31.22,31.48,31.11,31.48,USD,NYSE
2016-02-23,31.21,31.24,30.93,30.93,USD,NYSE
2016-02-24,30.44,30.93,30.27,30.85,USD,NYSE
2016-02-25,30.88,31.07,30.69,31.06,USD,NYSE
2016-02-26,31.26,31.28,30.73,30.76,USD,NYSE
2016-02-29,31.02,31.26,30.96,30.99,USD,NYSE
2016-03-01,31.54,32.06,31.51,32.02,USD,NYSE
2016-03-02,31.96,32.43,31.93,32.41,USD,NYSE
2016-03-03,32.52,33.05,32.51,33.03,USD,NYSE
2016-03-04,33.49,34.08,33.45,34.06,USD,NYSE
2016-03-07,33.93,34.29,33.9,34.09,USD,NYSE
2016-03-08,33.83,33.83,33.44,33.52,USD,NYSE
2016-03-09,33.63,33.83,33.53,33.64,USD,NYSE
2016-03-10,33.66,33.72,33.07,33.57,USD,NYSE
2016-03-11,33.96,34.23,33.96,34.2,USD,NYSE
2016-03-14,34.04,34.13,33.8,33.94,USD,NYSE
2016-03-15,33.19,33.23,33.04,33.17,USD,NYSE
2016-03-16,32.93,33.97,32.89,33.94,USD,NYSE
2016-03-17,34.49,35.0,34.37,34.89,USD,NYSE
2016-03-18,35.02,35.14,34.88,34.89,USD,NYSE
2016-03-21,34.88,35.15,34.88,35.07,USD,NYSE
2016-03-22,34.83,35.16,34.78,35.03,USD,NYSE
2016-03-23,34.59,34.6,34.22,34.27,USD,NYSE
2016-03-24,33.82,34.17,33.68,34.16,USD,NYSE
2016-03-28,34.17,34.19,34.02,34.15,USD,NYSE
2016-03-29,34.01,34.58,33.87,34.56,USD,NYSE
2016-03-30,35.05,35.27,34.95,34.98,USD,NYSE
2016-03-31,35.05,35.12,34.81,34.83,USD,NYSE
2016-04-01,34.22,34.88,34.09,34.82,USD,NYSE
2016-04-04,34.74,34.74,34.33,34.37,USD,NYSE
2016-04-05,33.83,33.93,33.65,33.69,USD,NYSE
2016-04-06,33.56,34.11,33.48,34.1,USD,NYSE
2016-04-07,33.61,33.68,33.31,33.38,USD,NYSE
2016-04-08,34.19,34.33,34.13,34.23,USD,NYSE
2016-04-11,34.8,34.97,34.68,34.69,USD,NYSE
2016-04-12,34.88,35.44,34.73,35.38,USD,NYSE
2016-04-13,35.95,36.04,35.87,36.0,USD,NYSE
2016-04-14,35.93,35.93,35.75,35.8,USD,NYSE
2016-04-15,35.74,35.79,35.59,35.59,USD,NYSE
2016-04-18,35.45,35.91,35.37,35.8,USD,NYSE
2016-04-19,36.16,36.6,36.16,36.49,USD,NYSE
2016-04-20,36.38,36.86,36.33,36.71,USD,NYSE
2016-04-21,36.55,36.59,36.26,36.3,USD,NYSE
2016-04-22,36.25,36.42,36.0,36.12,USD,NYSE
2016-04-25,36.05,36.05,35.77,35.82,USD,NYSE
2016-04-26,36.02,36.23,35.91,36.19,USD,NYSE
2016-04-27,36.0,36.47,35.92,36.42,USD,NYSE
2016-04-28,36.13,36.53,36.12,36.17,USD,NYSE
2016-04-29,36.2,36.3,35.89,36.03,USD,NYSE
2016-05-02,35.99,35.99,35.77,35.89,USD,NYSE
2016-05-03,35.25,35.26,34.81,34.83,USD,NYSE
2016-05-04,34.52,34.52,34.08,34.09,USD,NYSE
2016-05-05,34.44,34.5,33.97,34.07,USD,NYSE
2016-05-06,33.91,34.23,33.76,34.03,USD,NYSE
2016-05-09,33.88,33.88,33.3,33.41,USD,NYSE
2016-05-10,33.67,34.01,33.67,34.01,USD,NYSE
2016-05-11,34.01,34.22,33.87,34.03,USD,NYSE
2016-05-12,34.2,34.22,33.83,33.94,USD,NYSE
2016-05-13,33.62,33.74,33.25,33.3,USD,NYSE
2016-05-16,33.61,33.79,33.6,33.61,USD,NYSE
2016-05-17,33.48,33.69,33.37,33.44,USD,NYSE
2016-05-18,33.22,33.66,33.03,33.17,USD,NYSE
2016-05-19,32.9,32.91,32.66,32.82,USD,NYSE
2016-05-20,33.12,33.26,33.1,33.17,USD,NYSE
2016-05-23,32.97,33.19,32.97,33.03,USD,NYSE
2016-05-24,33.2,33.37,33.2,33.31,USD,NYSE
2016-05-25,33.58,33.79,33.58,33.68,USD,NYSE
2016-05-26,33.98,34.02,33.75,33.9,USD,NYSE
2016-05-27,33.91,33.94,33.68,33.75,USD,NYSE
2016-05-31,33.77,33.98,33.64,33.7,USD,NYSE
2016-06-01,33.6,33.77,33.51,33.69,USD,NYSE
2016-06-02,33.68,33.99,33.57,33.96,USD,NYSE
2016-06-03,34.38,34.7,34.21,34.61,USD,NYSE
2016-06-06,34.78,35.1,34.78,35.08,USD,NYSE
2016-06-07,35.25,35.47,35.25,35.42,USD,NYSE
2016-06-08,35.7,35.83,35.64,35.78,USD,NYSE
2016-06-09,35.26,35.37,35.16,35.26,USD,NYSE
2016-06-10,34.73,34.73,34.37,34.44,USD,NYSE
2016-06-13,34.1,34.43,33.97,34.13,USD,NYSE
2016-06-14,34.07,34.22,33.77,33.98,USD,NYSE
2016-06-15,34.18,34.53,34.16,34.19,USD,NYSE
2016-06-16,33.68,34.08,33.41,34.06,USD,NYSE
2016-06-17,34.18,34.29,34.0,34.21,USD,NYSE
2016-06-20,34.6,34.82,34.6,34.6,USD,NYSE
2016-06-21,34.77,35.04,34.62,34.91,USD,NYSE
2016-06-22,35.11,35.17,34.87,34.89,USD,NYSE
2016-06-23,35.41,35.86,35.33,35.83,USD,NYSE
2016-06-24,33.89,34.45,33.49,33.59,USD,NYSE
2016-06-27,33.6,33.6,33.08,33.39,USD,NYSE
2016-06-28,34.16,34.34,34.07,34.32,USD,NYSE
2016-06-29,34.96,35.18,34.89,35.12,USD,NYSE
2016-06-30,35.24,35.53,35.09,35.42,USD,NYSE
2016-07-01,35.52,35.74,35.52,35.7,USD,NYSE
2016-07-05,35.27,35.42,35.03,35.11,USD,NYSE
2016-07-06,34.7,35.15,34.58,35.15,USD,NYSE
2016-07-07,35.27,35.34,34.81,34.9,USD,NYSE
2016-07-08,35.38,35.68,35.33,35.64,USD,NYSE
2016-07-11,35.99,36.17,35.98,36.04,USD,NYSE
2016-07-12,36.56,36.69,36.4,36.59,USD,NYSE
2016-07-13,36.7,36.77,36.43,36.68,USD,NYSE
2016-07-14,37.04,37.29,37.0,37.19,USD,NYSE
2016-07-15,37.23,37.39,37.11,37.35,USD,NYSE
2016-07-18,37.3,37.75,37.27,37.74,USD,NYSE
2016-07-19,37.45,37.46,37.21,37.32,USD,NYSE
2016-07-20,37.45,37.59,37.33,37.48,USD,NYSE
2016-07-21,37.5,37.6,37.32,37.4,USD,NYSE
2016-07-22,37.49,37.66,37.4,37.64,USD,NYSE
2016-07-25,37.49,37.49,37.14,37.25,USD,NYSE
2016-07-26,37.33,37.48,37.25,37.47,USD,NYSE
2016-07-27,37.49,37.64,37.21,37.49,USD,NYSE
2016-07-28,37.5,37.54,37.3,37.53,USD,NYSE
2016-07-29,37.52,37.84,37.42,37.76,USD,NYSE
2016-08-01,37.88,37.88,37.55,37.56,USD,NYSE
2016-08-02,37.63,37.65,37.13,37.33,USD,NYSE
2016-08-03,37.17,37.67,37.1,37.67,USD,NYSE
2016-08-04,37.74,38.06,37.66,37.98,USD,NYSE
2016-08-05,38.11,38.29,38.03,38.26,USD,NYSE
2016-08-08,38.39,38.57,38.39,38.41,USD,NYSE
2016-08-09,38.72,38.95,38.72,38.78,USD,NYSE
2016-08-10,38.94,39.0,38.68,38.71,USD,NYSE
2016-08-11,38.72,39.14,38.71,39.13,USD,NYSE
2016-08-12,39.04,39.15,38.84,38.99,USD,NYSE
2016-08-15,39.18,39.43,39.18,39.35,USD,NYSE
2016-08-16,39.29,39.29,39.09,39.18,USD,NYSE
2016-08-17,38.87,39.08,38.58,39.02,USD,NYSE
2016-08-18,39.14,39.19,39.0,39.18,USD,NYSE
2016-08-19,38.8,38.99,38.62,38.97,USD,NYSE
2016-08-22,38.57,38.57,38.33,38.45,USD,NYSE
2016-08-23,38.73,38.77,38.25,38.26,USD,NYSE
2016-08-24,38.17,38.38,38.15,38.3,USD,NYSE
2016-08-25,38.22,38.39,38.19,38.36,USD,NYSE
2016-08-26,38.45,38.77,37.73,37.97,USD,NYSE
2016-08-29,37.93,38.3,37.92,38.28,USD,NYSE
2016-08-30,38.23,38.28,37.99,38.09,USD,NYSE
2016-08-31,37.85,37.89,37.5,37.65,USD,NYSE
2016-09-01,37.65,37.79,37.51,37.79,USD,NYSE
2016-09-02,38.17,38.31,38.08,38.19,USD,NYSE
2016-09-06,38.72,39.17,38.66,39.13,USD,NYSE
2016-09-07,39.14,39.14,38.84,38.92,USD,NYSE
2016-09-08,38.97,39.06,38.75,38.8,USD,NYSE
2016-09-09,38.29,38.29,37.64,37.65,USD,NYSE
2016-09-12,37.16,37.97,37.08,37.88,USD,NYSE
2016-09-13,37.33,37.47,36.77,36.92,USD,NYSE
2016-09-14,37.11,37.34,37.02,37.03,USD,NYSE
2016-09-15,37.26,37.6,37.07,37.53,USD,NYSE
2016-09-16,37.26,37.38,37.05,37.28,USD,NYSE
2016-09-19,37.78,37.94,37.57,37.61,USD,NYSE
2016-09-20,37.87,37.89,37.71,37.71,USD,NYSE
2016-09-21,38.11,38.79,38.01,38.75,USD,NYSE
2016-09-22,38.95,39.08,38.69,38.84,USD,NYSE
2016-09-23,38.58,38.64,38.31,38.35,USD,NYSE
2016-09-26,37.26,37.36,37.09,37.09,USD,NYSE
2016-09-27,37.21,37.43,37.09,37.41,USD,NYSE
2016-09-28,37.54,37.82,37.2,37.8,USD,NYSE
2016-09-29,37.8,37.92,37.3,37.4,USD,NYSE
2016-09-30,37.54,37.64,37.4,37.57,USD,NYSE
2016-10-03,37.61,37.83,37.5,37.78,USD,NYSE
2016-10-04,37.82,37.9,37.24,37.37,USD,NYSE
2016-10-05,37.77,38.01,37.72,37.96,USD,NYSE
2016-10-06,37.78,38.1,37.69,38.05,USD,NYSE
2016-10-07,38.08,38.15,37.65,37.93,USD,NYSE
2016-10-10,38.08,38.38,38.07,38.29,USD,NYSE
2016-10-11,37.69,37.69,37.3,37.45,USD,NYSE
2016-10-12,37.31,37.51,37.23,37.37,USD,NYSE
2016-10-13,36.9,37.27,36.69,37.15,USD,NYSE
2016-10-14,37.42,37.54,37.16,37.22,USD,NYSE
2016-10-17,37.27,37.41,37.23,37.28,USD,NYSE
2016-10-18,37.86,37.96,37.73,37.93,USD,NYSE
2016-10-19,38.0,38.22,37.93,38.09,USD,NYSE
2016-10-20,37.91,38.09,37.87,37.97,USD,NYSE
2016-10-21,37.83,38.1,37.79,38.02,USD,NYSE
2016-10-24,38.17,38.31,38.04,38.12,USD,NYSE
2016-10-25,38.22,38.36,38.12,38.29,USD,NYSE
2016-10-26,38.01,38.17,37.9,38.01,USD,NYSE
2016-10-27,38.0,38.05,37.74,37.76,USD,NYSE
2016-10-28,37.69,37.75,37.34,37.43,USD,NYSE
2016-10-31,37.73,38.0,37.67,37.93,USD,NYSE
2016-11-01,38.03,38.04,37.4,37.67,USD,NYSE
2016-11-02,37.59,37.63,37.13,37.29,USD,NYSE
2016-11-03,37.32,37.42,37.1,37.21,USD,NYSE
2016-11-04,36.98,37.0,36.7,36.71,USD,NYSE
2016-11-07,37.48,37.95,37.48,37.9,USD,NYSE
2016-11-08,37.75,38.38,37.7,38.28,USD,NYSE
2016-11-09,37.3,37.7,37.14,37.29,USD,NYSE
2016-11-10,37.21,37.25,36.29,36.49,USD,NYSE
2016-11-11,35.99,36.1,35.48,35.9,USD,NYSE
2016-11-14,35.64,35.78,35.36,35.58,USD,NYSE
2016-11-15,35.92,36.5,35.88,36.47,USD,NYSE
2016-11-16,35.98,36.1,35.87,35.99,USD,NYSE
2016-11-17,36.16,36.34,35.95,36.0,USD,NYSE
2016-11-18,36.1,36.13,35.9,35.94,USD,NYSE
2016-11-21,36.3,36.53,36.28,36.43,USD,NYSE
2016-11-22,36.96,37.09,36.77,37.07,USD,NYSE
2016-11-23,36.6,36.78,36.47,36.74,USD,NYSE
2016-11-25,36.85,36.92,36.76,36.84,USD,NYSE
2016-11-28,37.02,37.08,36.93,36.97,USD,NYSE
2016-11-29,36.83,37.03,36.79,36.91,USD,NYSE
2016-11-30,36.99,37.1,36.96,37.0,USD,NYSE
2016-12-01,36.95,37.03,36.72,36.77,USD,NYSE
2016-12-02,36.88,37.08,36.84,36.94,USD,NYSE
2016-12-05,37.1,37.25,37.02,37.17,USD,NYSE
2016-12-06,37.32,37.45,37.25,37.41,USD,NYSE
2016-12-07,37.63,38.08,37.55,37.99,USD,NYSE
2016-12-08,37.94,38.23,37.89,38.17,USD,NYSE
2016-12-09,38.04,38.16,37.93,38.12,USD,NYSE
2016-12-12,38.08,38.23,38.05,38.11,USD,NYSE
2016-12-13,38.3,38.62,38.3,38.51,USD,NYSE
2016-12-14,38.13,38.24,37.31,37.32,USD,NYSE
2016-12-15,37.45,37.67,37.35,37.56,USD,NYSE
2016-12-16,37.54,37.59,37.26,37.4,USD,NYSE
2016-12-19,37.43,37.49,37.14,37.18,USD,NYSE
2016-12-20,37.22,37.35,37.16,37.22,USD,NYSE
2016-12-21,37.29,37.37,37.11,37.11,USD,NYSE
2016-12-22,36.84,36.86,36.67,36.78,USD,NYSE
2016-12-23,36.49,36.63,36.39,36.61,USD,NYSE
2016-12-27,36.7,36.85,36.7,36.77,USD,NYSE
2016-12-28,37.09,37.15,36.91,36.96,USD,NYSE
2016-12-29,37.24,37.55,37.24,37.47,USD,NYSE
2016-12-30,37.58,37.58,37.27,37.34,USD,NYSE
2017-01-03,37.79,37.99,37.64,37.78,USD,NYSE
2017-01-04,38.03,38.19,38.0,38.14,USD,NYSE
2017-01-05,38.26,38.45,38.26,38.41,USD,NYSE
2017-01-06,38.26,38.33,38.11,38.25,USD,NYSE
2017-01-09,38.14,38.27,38.1,38.18,USD,NYSE
2017-01-10,38.4,38.54,38.33,38.34,USD,NYSE
2017-01-11,38.27,38.71,38.16,38.67,USD,NYSE
2017-01-12,38.86,38.94,38.74,38.9,USD,NYSE
2017-01-13,38.77,38.94,38.76,38.93,USD,NYSE
2017-01-17,38.81,38.84,38.71,38.75,USD,NYSE
2017-01-18,38.74,38.76,38.47,38.55,USD,NYSE
2017-01-19,38.42,38.43,38.15,38.3,USD,NYSE
2017-01-20,38.33,38.45,38.2,38.43,USD,NYSE
2017-01-23,38.62,38.89,38.57,38.88,USD,NYSE
2017-01-24,38.94,39.11,38.89,39.05,USD,NYSE
2017-01-25,39.16,39.26,39.1,39.24,USD,NYSE
2017-01-26,39.31,39.35,39.16,39.27,USD,NYSE
2017-01-27,39.32,39.46,39.26,39.41,USD,NYSE
2017-01-30,39.11,39.19,39.01,39.17,USD,NYSE
2017-01-31,39.25,39.31,39.01,39.17,USD,NYSE
2017-02-01,39.24,39.31,39.11,39.2,USD,NYSE
2017-02-02,39.23,39.37,39.19,39.3,USD,NYSE
2017-02-03,39.45,39.59,39.38,39.5,USD,NYSE
2017-02-06,39.46,39.47,39.35,39.4,USD,NYSE
2017-02-07,39.37,39.39,39.23,39.24,USD,NYSE
2017-02-08,39.39,39.52,39.33,39.51,USD,NYSE
2017-02-09,39.63,39.71,39.59,39.69,USD,NYSE
2017-02-10,39.86,40.18,39.77,40.17,USD,NYSE
2017-02-13,40.23,40.36,40.18,40.34,USD,NYSE
2017-02-14,40.41,40.48,40.12,40.48,USD,NYSE
2017-02-15,40.54,40.92,40.54,40.92,USD,NYSE
2017-02-16,40.8,40.82,40.63,40.7,USD,NYSE
2017-02-17,40.39,40.45,40.26,40.42,USD,NYSE
2017-02-21,40.53,40.68,40.5,40.66,USD,NYSE
2017-02-22,40.6,40.79,40.57,40.79,USD,NYSE
2017-02-23,40.98,40.99,40.83,40.88,USD,NYSE
2017-02-24,40.49,40.53,40.34,40.36,USD,NYSE
2017-02-27,40.37,40.41,40.22,40.28,USD,NYSE
2017-02-28,40.22,40.24,39.9,39.94,USD,NYSE
2017-03-01,40.19,40.47,40.18,40.41,USD,NYSE
2017-03-02,40.09,40.1,39.71,39.71,USD,NYSE
2017-03-03,39.93,40.12,39.83,40.1,USD,NYSE
2017-03-06,40.13,40.13,39.95,39.98,USD,NYSE
2017-03-07,40.07,40.13,39.97,40.04,USD,NYSE
2017-03-08,39.94,39.95,39.61,39.61,USD,NYSE
2017-03-09,39.36,39.36,38.98,39.17,USD,NYSE
2017-03-10,39.47,39.55,39.39,39.54,USD,NYSE
2017-03-13,39.88,40.13,39.85,40.07,USD,NYSE
2017-03-14,39.92,39.99,39.77,39.81,USD,NYSE
2017-03-15,40.0,40.95,39.98,40.9,USD,NYSE
2017-03-16,41.16,41.29,41.08,41.13,USD,NYSE
2017-03-17,41.26,41.33,41.06,41.29,USD,NYSE
2017-03-20,41.38,41.59,41.3,41.54,USD,NYSE
2017-03-21,41.71,41.82,41.19,41.24,USD,NYSE
2017-03-22,41.2,41.55,41.14,41.5,USD,NYSE
2017-03-23,41.4,41.62,41.35,41.49,USD,NYSE
2017-03-24,41.53,41.65,41.47,41.55,USD,NYSE
2017-03-27,41.27,41.43,41.12,41.4,USD,NYSE
2017-03-28,41.33,41.5,41.21,41.32,USD,NYSE
2017-03-29,41.25,41.4,41.22,41.37,USD,NYSE
2017-03-30,41.29,41.41,41.19,41.19,USD,NYSE
2017-03-31,40.97,40.97,40.82,40.85,USD,NYSE
2017-04-03,41.01,41.07,40.76,41.04,USD,NYSE
2017-04-04,40.95,41.15,40.82,41.13,USD,NYSE
2017-04-05,41.2,41.32,40.96,40.99,USD,NYSE
2017-04-06,40.93,40.95,40.72,40.85,USD,NYSE
2017-04-07,40.69,40.86,40.65,40.68,USD,NYSE
2017-04-10,40.5,40.56,40.41,40.5,USD,NYSE
2017-04-11,40.57,40.57,40.29,40.55,USD,NYSE
2017-04-12,40.67,40.67,40.34,40.6,USD,NYSE
2017-04-13,40.77,40.85,40.54,40.57,USD,NYSE
2017-04-17,40.67,40.89,40.6,40.87,USD,NYSE
2017-04-18,40.43,40.53,40.29,40.39,USD,NYSE
2017-04-19,40.31,40.34,39.95,40.04,USD,NYSE
2017-04-20,40.31,40.39,40.14,40.36,USD,NYSE
2017-04-21,40.37,40.44,40.28,40.42,USD,NYSE
2017-04-24,40.96,41.05,40.9,40.95,USD,NYSE
2017-04-25,41.26,41.43,41.26,41.34,USD,NYSE
2017-04-26,41.19,41.31,41.1,41.14,USD,NYSE
2017-04-27,41.1,41.1,40.86,40.99,USD,NYSE
2017-04-28,41.15,41.18,41.05,41.15,USD,NYSE
2017-05-01,41.3,41.44,41.18,41.27,USD,NYSE
2017-05-02,41.41,41.48,41.34,41.38,USD,NYSE
2017-05-03,41.16,41.16,40.97,41.0,USD,NYSE
2017-05-04,40.72,40.72,40.38,40.46,USD,NYSE
2017-05-05,40.4,40.78,40.36,40.77,USD,NYSE
2017-05-08,40.74,40.76,40.52,40.6,USD,NYSE
2017-05-09,40.72,40.96,40.72,40.81,USD,NYSE
2017-05-10,41.0,41.11,40.92,41.09,USD,NYSE
2017-05-11,41.09,41.09,40.83,41.05,USD,NYSE
2017-05-12,41.12,41.19,41.06,41.14,USD,NYSE
2017-05-15,41.45,41.67,41.44,41.66,USD,NYSE
2017-05-16,41.72,41.75,41.61,41.75,USD,NYSE
2017-05-17,41.33,41.4,41.02,41.04,USD,NYSE
2017-05-18,40.32,40.68,40.0,40.38,USD,NYSE
2017-05-19,40.85,41.05,40.78,40.93,USD,NYSE
2017-05-22,40.9,40.99,40.84,40.92,USD,NYSE
2017-05-23,41.0,41.13,40.97,41.04,USD,NYSE
2017-05-24,41.11,41.38,41.11,41.29,USD,NYSE
2017-05-25,41.5,41.53,41.3,41.35,USD,NYSE
2017-05-26,41.31,41.47,41.27,41.43,USD,NYSE
2017-05-30,41.29,41.38,41.28,41.32,USD,NYSE
2017-05-31,41.24,41.26,40.96,41.06,USD,NYSE
2017-06-01,41.14,41.36,41.06,41.36,USD,NYSE
2017-06-02,41.46,41.58,41.35,41.53,USD,NYSE
2017-06-05,41.49,41.61,41.45,41.5,USD,NYSE
2017-06-06,41.39,41.56,41.34,41.47,USD,NYSE
2017-06-07,41.35,41.51,41.12,41.3,USD,NYSE
2017-06-08,41.33,41.41,41.19,41.35,USD,NYSE
2017-06-09,41.34,41.39,40.95,41.12,USD,NYSE
2017-06-12,41.11,41.18,40.96,41.13,USD,NYSE
2017-06-13,41.18,41.3,41.15,41.29,USD,NYSE
2017-06-14,41.36,41.36,40.88,41.04,USD,NYSE
2017-06-15,40.58,40.69,40.46,40.69,USD,NYSE
2017-06-16,40.76,40.83,40.63,40.8,USD,NYSE
2017-06-19,40.9,41.12,40.9,41.11,USD,NYSE
2017-06-20,40.87,40.92,40.54,40.56,USD,NYSE
2017-06-21,40.85,40.91,40.6,40.69,USD,NYSE
2017-06-22,40.93,41.07,40.83,40.95,USD,NYSE
2017-06-23,41.09,41.23,40.99,41.18,USD,NYSE
2017-06-26,41.16,41.29,41.09,41.19,USD,NYSE
2017-06-27,41.04,41.13,40.77,40.77,USD,NYSE
2017-06-28,40.94,41.18,40.9,41.13,USD,NYSE
2017-06-29,40.96,40.99,40.46,40.53,USD,NYSE
2017-06-30,40.89,41.16,40.84,40.99,USD,NYSE
2017-07-03,41.16,41.28,41.08,41.17,USD,NYSE
2017-07-05,41.02,41.17,40.85,41.13,USD,NYSE
2017-07-06,40.89,40.91,40.65,40.66,USD,NYSE
2017-07-07,40.75,40.77,40.54,40.61,USD,NYSE
2017-07-10,40.65,40.86,40.62,40.77,USD,NYSE
2017-07-11,41.01,41.11,40.87,41.05,USD,NYSE
2017-07-12,41.66,41.98,41.66,41.93,USD,NYSE
2017-07-13,41.87,42.0,41.81,41.97,USD,NYSE
2017-07-14,42.24,42.61,42.24,42.57,USD,NYSE
2017-07-17,42.41,42.42,42.27,42.35,USD,NYSE
2017-07-18,42.31,42.43,42.27,42.41,USD,NYSE
2017-07-19,42.71,42.82,42.67,42.81,USD,NYSE
2017-07-20,42.81,42.85,42.66,42.73,USD,NYSE
2017-07-21,42.78,42.78,42.56,42.66,USD,NYSE
2017-07-24,42.71,42.75,42.61,42.69,USD,NYSE
2017-07-25,42.76,42.83,42.61,42.63,USD,NYSE
2017-07-26,42.68,43.0,42.64,43.0,USD,NYSE
2017-07-27,43.1,43.15,42.6,42.86,USD,NYSE
2017-07-28,42.75,42.87,42.71,42.83,USD,NYSE
2017-07-31,42.76,42.87,42.62,42.79,USD,NYSE
2017-08-01,42.95,42.95,42.82,42.89,USD,NYSE
2017-08-02,43.0,43.1,42.84,43.06,USD,NYSE
2017-08-03,43.07,43.1,42.97,43.05,USD,NYSE
2017-08-04,43.12,43.19,42.98,43.13,USD,NYSE
2017-08-07,43.27,43.41,43.19,43.39,USD,NYSE
2017-08-08,43.43,43.6,43.29,43.39,USD,NYSE
2017-08-09,43.01,43.05,42.9,43.0,USD,NYSE
2017-08-10,42.68,42.7,42.12,42.12,USD,NYSE
2017-08-11,42.18,42.31,42.12,42.18,USD,NYSE
2017-08-14,42.43,42.54,42.37,42.4,USD,NYSE
2017-08-15,42.29,42.42,42.25,42.37,USD,NYSE
2017-08-16,42.6,42.65,42.52,42.61,USD,NYSE
2017-08-17,42.51,42.6,42.14,42.16,USD,NYSE
2017-08-18,42.38,42.66,42.22,42.49,USD,NYSE
2017-08-21,42.71,42.77,42.59,42.71,USD,NYSE
2017-08-22,42.91,43.12,42.91,43.07,USD,NYSE
2017-08-23,42.91,43.19,42.87,43.13,USD,NYSE
2017-08-24,43.33,43.44,43.25,43.32,USD,NYSE
2017-08-25,43.65,43.96,43.61,43.87,USD,NYSE
2017-08-28,44.07,44.09,43.93,44.07,USD,NYSE
2017-08-29,43.8,44.05,43.76,44.02,USD,NYSE
2017-08-30,44.0,44.15,43.97,44.13,USD,NYSE
2017-08-31,44.24,44.41,44.2,44.31,USD,NYSE
2017-09-01,44.5,44.68,44.46,44.63,USD,NYSE
2017-09-05,44.31,44.49,44.04,44.21,USD,NYSE
2017-09-06,44.27,44.44,44.23,44.41,USD,NYSE
2017-09-07,44.6,44.71,44.57,44.71,USD,NYSE
2017-09-08,44.6,44.64,44.32,44.36,USD,NYSE
2017-09-11,44.55,44.79,44.55,44.75,USD,NYSE
2017-09-12,44.57,44.74,44.57,44.64,USD,NYSE
2017-09-13,44.46,44.58,44.26,44.34,USD,NYSE
2017-09-14,44.28,44.49,44.24,44.48,USD,NYSE
2017-09-15,44.62,44.83,44.57,44.82,USD,NYSE
2017-09-18,44.87,44.88,44.54,44.63,USD,NYSE
2017-09-19,44.51,44.58,44.37,44.58,USD,NYSE
2017-09-20,44.5,44.55,43.92,44.25,USD,NYSE
2017-09-21,44.55,44.57,44.38,44.48,USD,NYSE
2017-09-22,44.19,44.26,44.13,44.14,USD,NYSE
2017-09-25,43.79,43.87,43.52,43.66,USD,NYSE
2017-09-26,42.85,42.89,42.6,42.73,USD,NYSE
2017-09-27,42.64,42.7,42.45,42.62,USD,NYSE
2017-09-28,42.46,42.65,42.44,42.59,USD,NYSE
2017-09-29,42.88,43.04,42.83,43.0,USD,NYSE
2017-10-02,42.93,43.06,42.9,42.93,USD,NYSE
2017-10-03,43.11,43.35,43.11,43.33,USD,NYSE
2017-10-04,43.32,43.43,43.27,43.34,USD,NYSE
2017-10-05,43.53,43.83,43.51,43.7,USD,NYSE
2017-10-06,43.33,43.46,43.25,43.46,USD,NYSE
2017-10-09,43.29,43.36,43.2,43.34,USD,NYSE
2017-10-10,43.69,43.81,43.63,43.76,USD,NYSE
2017-10-11,43.82,44.02,43.78,43.97,USD,NYSE
2017-10-12,43.95,44.04,43.89,43.94,USD,NYSE
2017-10-13,44.27,44.43,44.27,44.34,USD,NYSE
2017-10-16,44.47,44.58,44.37,44.39,USD,NYSE
2017-10-17,44.21,44.24,43.96,44.1,USD,NYSE
2017-10-18,44.23,44.29,44.08,44.09,USD,NYSE
2017-10-19,43.72,43.81,43.55,43.78,USD,NYSE
2017-10-20,43.88,44.01,43.75,44.01,USD,NYSE
2017-10-23,43.73,43.74,43.53,43.54,USD,NYSE
2017-10-24,43.61,43.77,43.57,43.63,USD,NYSE
2017-10-25,43.59,43.63,43.1,43.33,USD,NYSE
2017-10-26,43.33,43.42,43.11,43.12,USD,NYSE
2017-10-27,43.27,43.68,43.17,43.62,USD,NYSE
2017-10-30,43.52,43.6,43.36,43.43,USD,NYSE
2017-10-31,43.46,43.6,43.43,43.55,USD,NYSE
2017-11-01,43.75,43.88,43.62,43.64,USD,NYSE
2017-11-02,43.7,43.85,43.62,43.83,USD,NYSE
2017-11-03,43.75,43.76,43.36,43.44,USD,NYSE
2017-11-06,43.46,43.8,43.44,43.78,USD,NYSE
2017-11-07,43.83,43.88,43.52,43.59,USD,NYSE
2017-11-08,43.81,43.91,43.75,43.85,USD,NYSE
2017-11-09,43.53,43.66,43.3,43.58,USD,NYSE
2017-11-10,43.52,43.52,43.31,43.36,USD,NYSE
2017-11-13,43.13,43.27,43.02,43.22,USD,NYSE
2017-11-14,43.12,43.16,42.94,42.97,USD,NYSE
2017-11-15,42.67,42.71,42.51,42.54,USD,NYSE
2017-11-16,42.96,43.22,42.96,43.1,USD,NYSE
2017-11-17,43.2,43.45,43.2,43.29,USD,NYSE
2017-11-20,42.98,43.25,42.98,43.19,USD,NYSE
2017-11-21,43.52,43.76,43.52,43.63,USD,NYSE
2017-11-22,43.91,44.08,43.86,43.97,USD,NYSE
2017-11-24,43.89,44.02,43.89,44.0,USD,NYSE
2017-11-27,43.94,43.94,43.66,43.71,USD,NYSE
2017-11-28,43.82,43.97,43.71,43.85,USD,NYSE
2017-11-29,43.68,43.72,43.38,43.43,USD,NYSE
2017-11-30,43.56,43.61,43.3,43.4,USD,NYSE
2017-12-01,43.41,43.47,43.11,43.29,USD,NYSE
2017-12-04,43.68,43.73,43.43,43.46,USD,NYSE
2017-12-05,43.68,43.8,43.55,43.58,USD,NYSE
2017-12-06,43.16,43.23,43.0,43.11,USD,NYSE
2017-12-07,42.9,43.19,42.83,43.02,USD,NYSE
2017-12-08,43.15,43.23,43.02,43.2,USD,NYSE
2017-12-11,43.25,43.41,43.23,43.31,USD,NYSE
2017-12-12,43.16,43.29,43.09,43.2,USD,NYSE
2017-12-13,43.58,43.83,43.52,43.65,USD,NYSE
2017-12-14,43.66,43.8,43.53,43.53,USD,NYSE
2017-12-15,43.71,43.83,43.48,43.75,USD,NYSE
2017-12-18,44.15,44.48,44.15,44.34,USD,NYSE
2017-12-19,44.33,44.33,44.01,44.09,USD,NYSE
2017-12-20,44.3,44.45,44.2,44.22,USD,NYSE
2017-12-21,44.31,44.52,44.3,44.44,USD,NYSE
2017-12-22,44.55,44.99,44.51,44.93,USD,NYSE
2017-12-26,44.57,44.68,44.44,44.61,USD,NYSE
2017-12-27,44.68,44.77,44.62,44.73,USD,NYSE
2017-12-28,44.93,45.05,44.9,44.96,USD,NYSE
2017-12-29,45.39,45.54,45.29,45.35,USD,NYSE
2018-01-02,45.87,45.91,45.65,45.9,USD,NYSE
2018-01-03,45.99,46.26,45.98,46.21,USD,NYSE
2018-01-04,46.39,46.57,46.39,46.5,USD,NYSE
2018-01-05,46.64,46.9,46.61,46.89,USD,NYSE
